{
 "cells": [
  {
   "cell_type": "code",
   "execution_count": 18,
   "id": "1f6d088c",
   "metadata": {},
   "outputs": [
    {
     "name": "stdout",
     "output_type": "stream",
     "text": [
      "[[0.         0.02223499 0.01353668 ... 0.02995691 0.02173983 0.02573234]\n",
      " [0.02223499 0.         0.02719879 ... 0.02463842 0.02326934 0.03121183]\n",
      " [0.01353668 0.02719879 0.         ... 0.01547249 0.01395893 0.01441929]\n",
      " ...\n",
      " [0.02995691 0.02463842 0.01547249 ... 0.         0.02440646 0.03044423]\n",
      " [0.02173983 0.02326934 0.01395893 ... 0.02440646 0.         0.03661681]\n",
      " [0.02573234 0.03121183 0.01441929 ... 0.03044423 0.03661681 0.        ]]\n",
      "[[0.         0.02895579 0.01871529 ... 0.03758806 0.02838937 0.03290982]\n",
      " [0.02895579 0.         0.03454518 ... 0.03168148 0.03013352 0.03895915]\n",
      " [0.01871529 0.03454518 0.         ... 0.02105411 0.0192289  0.01978662]\n",
      " ...\n",
      " [0.03758806 0.03168148 0.02105411 ... 0.         0.03142006 0.03812146]\n",
      " [0.02838937 0.03013352 0.0192289  ... 0.03142006 0.         0.04477709]\n",
      " [0.03290982 0.03895915 0.01978662 ... 0.03812146 0.04477709 0.        ]]\n",
      "[[0.         0.03983602 0.02783722 ... 0.0492646  0.03919791 0.04422073]\n",
      " [0.03983602 0.         0.04600072 ... 0.04287123 0.04115456 0.05071584]\n",
      " [0.02783722 0.04600072 0.         ... 0.03067313 0.02846561 0.02914431]\n",
      " ...\n",
      " [0.0492646  0.04287123 0.03067313 ... 0.         0.04258259 0.04983057]\n",
      " [0.03919791 0.04115456 0.02846561 ... 0.04258259 0.         0.05674975]\n",
      " [0.04422073 0.05071584 0.02914431 ... 0.04983057 0.05674975 0.        ]]\n",
      "[[0.         0.05564335 0.04273738 ... 0.06488894 0.05499176 0.06002897]\n",
      " [0.05564335 0.         0.06176577 ... 0.0586958  0.05697876 0.06625299]\n",
      " [0.04273738 0.06176577 0.         ... 0.04592295 0.04345138 0.04421724]\n",
      " ...\n",
      " [0.06488894 0.0586958  0.04592295 ... 0.         0.05840876 0.06542268]\n",
      " [0.05499176 0.05697876 0.04345138 ... 0.05840876 0.         0.07177031]\n",
      " [0.06002897 0.06625299 0.04421724 ... 0.06542268 0.07177031 0.        ]]\n",
      "[[0.         0.07193243 0.06101104 ... 0.07886972 0.0714169  0.07530993]\n",
      " [0.07193243 0.         0.07660388 ... 0.07430003 0.07297779 0.07983498]\n",
      " [0.06101104 0.07660388 0.         ... 0.06385229 0.06165676 0.06234361]\n",
      " ...\n",
      " [0.07886972 0.07430003 0.06385229 ... 0.         0.0740807  0.07924917]\n",
      " [0.0714169  0.07297779 0.06165676 ... 0.0740807  0.         0.0835892 ]\n",
      " [0.07530993 0.07983498 0.06234361 ... 0.07924917 0.0835892  0.        ]]\n",
      "[[0.         0.07849919 0.0723153  ... 0.08176308 0.07823483 0.08015867]\n",
      " [0.07849919 0.         0.08075977 ... 0.07967593 0.0790264  0.08217048]\n",
      " [0.0723153  0.08075977 0.         ... 0.07403896 0.07271397 0.07313356]\n",
      " ...\n",
      " [0.08176308 0.07967593 0.07403896 ... 0.         0.07956954 0.0819247 ]\n",
      " [0.07823483 0.0790264  0.07271397 ... 0.07956954 0.         0.0836302 ]\n",
      " [0.08015867 0.08217048 0.07313356 ... 0.0819247  0.0836302  0.        ]]\n",
      "[[0.         0.07465807 0.07241473 ... 0.07531138 0.07458414 0.07505817]\n",
      " [0.07465807 0.         0.07517112 ... 0.07495418 0.07479769 0.0753477 ]\n",
      " [0.07241473 0.07517112 0.         ... 0.07313187 0.07258581 0.07276256]\n",
      " ...\n",
      " [0.07531138 0.07495418 0.07313187 ... 0.         0.0749298  0.07532738]\n",
      " [0.07458414 0.07479769 0.07258581 ... 0.0749298  0.         0.0753421 ]\n",
      " [0.07505817 0.0753477  0.07276256 ... 0.07532738 0.0753421  0.        ]]\n",
      "[[0.         0.06950133 0.06910008 ... 0.06904099 0.0695119  0.06935384]\n",
      " [0.06950133 0.         0.06925971 ... 0.0694125  0.06947037 0.06892577]\n",
      " [0.06910008 0.06925971 0.         ... 0.06932736 0.06915916 0.06921722]\n",
      " ...\n",
      " [0.06904099 0.0694125  0.06932736 ... 0.         0.06942357 0.06899732]\n",
      " [0.0695119  0.06947037 0.06915916 ... 0.06942357 0.         0.06833867]\n",
      " [0.06935384 0.06892577 0.06921722 ... 0.06899732 0.06833867 0.        ]]\n",
      "[[0.         0.06663636 0.06692942 ... 0.0657777  0.06667785 0.06629075]\n",
      " [0.06663636 0.         0.06612282 ... 0.06640783 0.06654324 0.06560976]\n",
      " [0.06692942 0.06612282 0.         ... 0.06696813 0.06694514 0.06695741]\n",
      " ...\n",
      " [0.0657777  0.06640783 0.06696813 ... 0.         0.06643168 0.06571323]\n",
      " [0.06667785 0.06654324 0.06694514 ... 0.06643168 0.         0.06482415]\n",
      " [0.06629075 0.06560976 0.06695741 ... 0.06571323 0.06482415 0.        ]]\n",
      "[[0.         0.06530782 0.06587371 ... 0.0642967  0.06536129 0.06488593]\n",
      " [0.06530782 0.         0.0646898  ... 0.06502541 0.06519068 0.06410887]\n",
      " [0.06587371 0.0646898  0.         ... 0.06583757 0.06587218 0.06586625]\n",
      " ...\n",
      " [0.0642967  0.06502541 0.06583757 ... 0.         0.06505417 0.06422437]\n",
      " [0.06536129 0.06519068 0.06587218 ... 0.06505417 0.         0.06324918]\n",
      " [0.06488593 0.06410887 0.06586625 ... 0.06422437 0.06324918 0.        ]]\n",
      "[[0.         0.06458055 0.06528476 ... 0.06349315 0.06464006 0.06412038]\n",
      " [0.06458055 0.         0.06391016 ... 0.06427109 0.06445133 0.06329545]\n",
      " [0.06528476 0.06391016 0.         ... 0.06521049 0.06527443 0.06525923]\n",
      " ...\n",
      " [0.06349315 0.06427109 0.06521049 ... 0.         0.06430231 0.06341692]\n",
      " [0.06464006 0.06445133 0.06527443 ... 0.06430231 0.         0.06239917]\n",
      " [0.06412038 0.06329545 0.06525923 ... 0.06341692 0.06239917 0.        ]]\n",
      "[[0.         0.06402204 0.06482759 ... 0.06287922 0.06408595 0.06353401]\n",
      " [0.06402204 0.         0.06331355 ... 0.06369287 0.06388403 0.06267438]\n",
      " [0.06482759 0.06331355 0.         ... 0.0647253  0.06481079 0.06478877]\n",
      " ...\n",
      " [0.06287922 0.06369287 0.0647253  ... 0.         0.06372589 0.06280017]\n",
      " [0.06408595 0.06388403 0.06481079 ... 0.06372589 0.         0.06175175]\n",
      " [0.06353401 0.06267438 0.06478877 ... 0.06280017 0.06175175 0.        ]]\n",
      "[[0.         0.06347835 0.06437867 ... 0.06228407 0.06354635 0.06296439]\n",
      " [0.06347835 0.         0.06273443 ... 0.06313083 0.06333213 0.06207262]\n",
      " [0.06437867 0.06273443 0.         ... 0.06425011 0.0643558  0.06432738]\n",
      " ...\n",
      " [0.06228407 0.06313083 0.06425011 ... 0.         0.06316551 0.0622024 ]\n",
      " [0.06354635 0.06333213 0.0643558  ... 0.06316551 0.         0.06112572]\n",
      " [0.06296439 0.06207262 0.06432738 ... 0.0622024  0.06112572 0.        ]]\n",
      "[[0.         0.06290392 0.06390043 ... 0.06165782 0.06297607 0.06236381]\n",
      " [0.06290392 0.         0.0621243  ... 0.0625379  0.06274943 0.06143976]\n",
      " [0.06390043 0.0621243  0.         ... 0.06374513 0.06387138 0.06383645]\n",
      " ...\n",
      " [0.06165782 0.0625379  0.06374513 ... 0.         0.06257426 0.06157353]\n",
      " [0.06297607 0.06274943 0.06387138 ... 0.06257426 0.         0.0604686 ]\n",
      " [0.06236381 0.06143976 0.06383645 ... 0.06157353 0.0604686  0.        ]]\n",
      "[[0.         0.06229037 0.06338533 ... 0.06099167 0.06236674 0.06172367]\n",
      " [0.06229037 0.         0.06147446 ... 0.06190551 0.06212745 0.06076692]\n",
      " [0.06338533 0.06147446 0.         ... 0.06320258 0.06334992 0.06330831]\n",
      " ...\n",
      " [0.06099167 0.06190551 0.06320258 ... 0.         0.06194358 0.06090473]\n",
      " [0.06236674 0.06212745 0.06334992 ... 0.06194358 0.         0.05977137]\n",
      " [0.06172367 0.06076692 0.06330831 ... 0.06090473 0.05977137 0.        ]]\n",
      "[[0.         0.06164098 0.06283552 ... 0.06028954 0.06172159 0.06104756]\n",
      " [0.06164098 0.         0.06078863 ... 0.06123718 0.06146958 0.06005814]\n",
      " [0.06283552 0.06078863 0.         ... 0.06262492 0.06279366 0.06274527]\n",
      " ...\n",
      " [0.06028954 0.06123718 0.06262492 ... 0.         0.06127696 0.06019997]\n",
      " [0.06172159 0.06146958 0.06279366 ... 0.06127696 0.         0.05903837]\n",
      " [0.06104756 0.06005814 0.06274527 ... 0.06019997 0.05903837 0.        ]]\n",
      "[[0.         0.06096216 0.06225598 ... 0.05955868 0.06104699 0.06034231]\n",
      " [0.06096216 0.         0.0600738  ... 0.06053963 0.06078237 0.05932075]\n",
      " [0.06225598 0.0600738  0.         ... 0.06201751 0.06220765 0.06215247]\n",
      " ...\n",
      " [0.05955868 0.06053963 0.06201751 ... 0.         0.0605811  0.05946652]\n",
      " [0.06104699 0.06078237 0.06220765 ... 0.0605811  0.         0.05827735]\n",
      " [0.06034231 0.05932075 0.06215247 ... 0.05946652 0.05827735 0.        ]]\n",
      "[[0.         0.06026077 0.06165221 ... 0.05880667 0.06034972 0.05961514]\n",
      " [0.06026077 0.         0.05933732 ... 0.05981995 0.06007278 0.05856243]\n",
      " [0.06165221 0.05933732 0.         ... 0.06138624 0.06159751 0.06153562]\n",
      " ...\n",
      " [0.05880667 0.05981995 0.06138624 ... 0.         0.05986307 0.05871201]\n",
      " [0.06034972 0.06007278 0.06159751 ... 0.05986307 0.         0.05749633]\n",
      " [0.05961514 0.05856243 0.06153562 ... 0.05871201 0.05749633 0.        ]]\n",
      "[[0.         0.05954326 0.06102959 ... 0.05804052 0.05963619 0.05887279]\n",
      " [0.05954326 0.         0.05858603 ... 0.0590848  0.05934735 0.05779026]\n",
      " [0.06102959 0.05858603 0.         ... 0.06073679 0.06096865 0.06090022]\n",
      " ...\n",
      " [0.05804052 0.0590848  0.06073679 ... 0.         0.05912952 0.05794347]\n",
      " [0.05963619 0.05934735 0.06096865 ... 0.05912952 0.         0.05670265]\n",
      " [0.05887279 0.05779026 0.06090022 ... 0.05794347 0.05670265 0.        ]]\n"
     ]
    },
    {
     "name": "stdout",
     "output_type": "stream",
     "text": [
      "[[0.         0.05881544 0.0603931  ... 0.05726645 0.05891217 0.05812128]\n",
      " [0.05881544 0.         0.05782603 ... 0.05834014 0.05861196 0.05701052]\n",
      " [0.0603931  0.05782603 0.         ... 0.06007437 0.06032614 0.06025138]\n",
      " ...\n",
      " [0.05726645 0.05834014 0.06007437 ... 0.         0.05838637 0.05716715]\n",
      " [0.05891217 0.05861196 0.06032614 ... 0.05838637 0.         0.05590277]\n",
      " [0.05812128 0.05701052 0.06025138 ... 0.05716715 0.05590277 0.        ]]\n",
      "[[0.         0.05808243 0.05974729 ... 0.05648988 0.05818277 0.05736588]\n",
      " [0.05808243 0.         0.05706264 ... 0.0575912  0.05787178 0.05622865]\n",
      " [0.05974729 0.05706264 0.         ... 0.05940369 0.05967454 0.05959371]\n",
      " ...\n",
      " [0.05648988 0.0575912  0.05940369 ... 0.         0.05763886 0.05638847]\n",
      " [0.05818277 0.05787178 0.05967454 ... 0.05763886 0.         0.05510224]\n",
      " [0.05736588 0.05622865 0.05959371 ... 0.05638847 0.05510224 0.        ]]\n",
      "[[0.         0.05734869 0.05909623 ... 0.05571542 0.05745243 0.05661114]\n",
      " [0.05734869 0.         0.05630044 ... 0.05684251 0.05713131 0.05544929]\n",
      " [0.05909623 0.05630044 0.         ... 0.05872894 0.05901795 0.05893135]\n",
      " ...\n",
      " [0.05571542 0.05684251 0.05872894 ... 0.         0.05689151 0.05561206]\n",
      " [0.05745243 0.05713131 0.05901795 ... 0.05689151 0.         0.05430576]\n",
      " [0.05661114 0.05544929 0.05893135 ... 0.05561206 0.05430576 0.        ]]\n",
      "[[0.         0.05661806 0.05844352 ... 0.054947   0.05672498 0.05586094]\n",
      " [0.05661806 0.         0.05554333 ... 0.05609794 0.0563944  0.05467637]\n",
      " [0.05844352 0.05554333 0.         ... 0.05805381 0.05836001 0.05826793]\n",
      " ...\n",
      " [0.054947   0.05609794 0.05805381 ... 0.         0.05614819 0.05484185]\n",
      " [0.05672498 0.0563944  0.05836001 ... 0.05614819 0.         0.05351728]\n",
      " [0.05586094 0.05467637 0.05826793 ... 0.05484185 0.05351728 0.        ]]\n",
      "[[0.         0.0558938  0.05779232 ... 0.05418788 0.05600367 0.05511855]\n",
      " [0.0558938  0.         0.05479457 ... 0.05536075 0.0556643  0.05391315]\n",
      " [0.05779232 0.05479457 0.         ... 0.05738148 0.05770388 0.05760663]\n",
      " ...\n",
      " [0.05418788 0.05536075 0.05738148 ... 0.         0.05541215 0.05408109]\n",
      " [0.05600367 0.0556643  0.05770388 ... 0.05541215 0.         0.05274001]\n",
      " [0.05511855 0.05391315 0.05760663 ... 0.05408109 0.05274001 0.        ]]\n",
      "[[0.         0.05517863 0.05714536 ... 0.05344072 0.05529124 0.05438668]\n",
      " [0.05517863 0.         0.05405685 ... 0.05463364 0.05494373 0.05316228]\n",
      " [0.05714536 0.05405685 0.         ... 0.05671469 0.05705228 0.05695019]\n",
      " ...\n",
      " [0.05344072 0.05463364 0.05671469 ... 0.         0.05468611 0.05333245]\n",
      " [0.05529124 0.05494373 0.05705228 ... 0.05468611 0.         0.05197659]\n",
      " [0.05438668 0.05316228 0.05695019 ... 0.05333245 0.05197659 0.        ]]\n",
      "[[0.         0.0544748  0.05650497 ... 0.05270769 0.05458993 0.05366752]\n",
      " [0.0544748  0.         0.05333237 ... 0.05391885 0.05423494 0.05242591]\n",
      " [0.05650497 0.05333237 0.         ... 0.05605576 0.05640755 0.05630092]\n",
      " ...\n",
      " [0.05270769 0.05391885 0.05605576 ... 0.         0.05397229 0.05259808]\n",
      " [0.05458993 0.05423494 0.05640755 ... 0.05397229 0.         0.05122908]\n",
      " [0.05366752 0.05242591 0.05630092 ... 0.05259808 0.05122908 0.        ]]\n",
      "[[0.         0.05378412 0.0558731  ... 0.05199047 0.05390156 0.05296283]\n",
      " [0.05378412 0.         0.05262286 ... 0.05321814 0.05353971 0.0517057 ]\n",
      " [0.0558731  0.05262286 0.         ... 0.05540661 0.05577163 0.05566077]\n",
      " ...\n",
      " [0.05199047 0.05321814 0.05540661 ... 0.         0.05327246 0.05187967]\n",
      " [0.05390156 0.05353971 0.05577163 ... 0.05327246 0.         0.05049907]\n",
      " [0.05296283 0.0517057  0.05566077 ... 0.05187967 0.05049907 0.        ]]\n",
      "[[0.         0.05310803 0.05525138 ... 0.05129036 0.05322759 0.05227398]\n",
      " [0.05310803 0.         0.05192965 ... 0.0525329  0.05285946 0.05100295]\n",
      " [0.05525138 0.05192965 0.         ... 0.05476881 0.05514613 0.05503133]\n",
      " ...\n",
      " [0.05129036 0.0525329  0.05476881 ... 0.         0.05258803 0.0511785 ]\n",
      " [0.05322759 0.05285946 0.05514613 ... 0.05258803 0.         0.04978776]\n",
      " [0.05227398 0.05100295 0.05503133 ... 0.0511785  0.04978776 0.        ]]\n",
      "[[0.         0.05244762 0.05464111 ... 0.05060832 0.05256911 0.05160202]\n",
      " [0.05244762 0.         0.05125377 ... 0.05186419 0.05219527 0.05031856]\n",
      " [0.05464111 0.05125377 0.         ... 0.05414363 0.05453236 0.05441391]\n",
      " ...\n",
      " [0.05060832 0.05186419 0.05414363 ... 0.         0.05192005 0.05049552]\n",
      " [0.05256911 0.05219527 0.05453236 ... 0.05192005 0.         0.04909599]\n",
      " [0.05160202 0.05031856 0.05441391 ... 0.05049552 0.04909599 0.        ]]\n",
      "[[0.         0.05180373 0.05404336 ... 0.049945   0.05192697 0.05094767]\n",
      " [0.05180373 0.         0.05059591 ... 0.05121278 0.05154795 0.0496532 ]\n",
      " [0.05404336 0.05059591 0.         ... 0.05353206 0.05393135 0.05380951]\n",
      " ...\n",
      " [0.049945   0.05121278 0.05353206 ... 0.         0.0512693  0.04983137]\n",
      " [0.05192697 0.05154795 0.05393135 ... 0.0512693  0.         0.04842431]\n",
      " [0.05094767 0.0496532  0.05380951 ... 0.04983137 0.04842431 0.        ]]\n",
      "[[0.         0.05117692 0.05345892 ... 0.04930083 0.05130176 0.05031145]\n",
      " [0.05117692 0.         0.04995656 ... 0.05057918 0.05091803 0.04900724]\n",
      " [0.05345892 0.04995656 0.         ... 0.05293485 0.0533439  0.05321893]\n",
      " ...\n",
      " [0.04930083 0.05057918 0.05293485 ... 0.         0.05063629 0.04918648]\n",
      " [0.05130176 0.05091803 0.0533439  ... 0.05063629 0.         0.04777302]\n",
      " [0.05031145 0.04900724 0.05321893 ... 0.04918648 0.04777302 0.        ]]\n",
      "[[0.         0.05056756 0.05288841 ... 0.04867602 0.05069383 0.04969363]\n",
      " [0.05056756 0.         0.04933596 ... 0.04996371 0.05030587 0.04838088]\n",
      " [0.05288841 0.04933596 0.         ... 0.05235255 0.0527706  0.05264274]\n",
      " ...\n",
      " [0.04867602 0.04996371 0.05235255 ... 0.         0.05002135 0.04856104]\n",
      " [0.05069383 0.05030587 0.0527706  ... 0.05002135 0.         0.04714223]\n",
      " [0.04969363 0.04838088 0.05264274 ... 0.04856104 0.04714223 0.        ]]\n",
      "[[0.         0.04997583 0.05233225 ... 0.0480706  0.05010341 0.04909434]\n",
      " [0.04997583 0.         0.04873422 ... 0.04936651 0.04971163 0.04777414]\n",
      " [0.05233225 0.04873422 0.         ... 0.05178551 0.05221187 0.05208134]\n",
      " ...\n",
      " [0.0480706  0.04936651 0.05178551 ... 0.         0.04942462 0.04795508]\n",
      " [0.05010341 0.04971163 0.05221187 ... 0.04942462 0.         0.04653188]\n",
      " [0.04909434 0.04777414 0.05208134 ... 0.04795508 0.04653188 0.        ]]\n",
      "[[0.         0.04940179 0.05179073 ... 0.04748447 0.04953054 0.04851355]\n",
      " [0.04940179 0.         0.04815127 ... 0.04878757 0.04913533 0.0471869 ]\n",
      " [0.05179073 0.04815127 0.         ... 0.05123397 0.05166797 0.05153497]\n",
      " ...\n",
      " [0.04748447 0.04878757 0.05123397 ... 0.         0.0488461  0.0473685 ]\n",
      " [0.04953054 0.04913533 0.05166797 ... 0.0488461  0.         0.04594176]\n",
      " [0.04851355 0.0471869  0.05153497 ... 0.0473685  0.04594176 0.        ]]\n",
      "[[0.         0.04884536 0.05126398 ... 0.04691742 0.04897516 0.04795111]\n",
      " [0.04884536 0.         0.04758695 ... 0.04822677 0.04857687 0.04661893]\n",
      " [0.05126398 0.04758695 0.         ... 0.05069799 0.05113903 0.05100376]\n",
      " ...\n",
      " [0.04691742 0.04822677 0.05069799 ... 0.         0.04828568 0.04680107]\n",
      " [0.04897516 0.04857687 0.05113903 ... 0.04828568 0.         0.04537158]\n",
      " [0.04795111 0.04661893 0.05100376 ... 0.04680107 0.04537158 0.        ]]\n",
      "[[0.         0.04830636 0.05075204 ... 0.04636916 0.0484371  0.0474068 ]\n",
      " [0.04830636 0.         0.047041   ... 0.04768388 0.04803607 0.0460699 ]\n",
      " [0.05075204 0.047041   0.         ... 0.05017757 0.05062508 0.05048772]\n",
      " ...\n",
      " [0.04636916 0.04768388 0.05017757 ... 0.         0.04774312 0.04625249]\n",
      " [0.0484371  0.04803607 0.05062508 ... 0.04774312 0.         0.04482094]\n",
      " [0.0474068  0.0460699  0.05048772 ... 0.04625249 0.04482094 0.        ]]\n",
      "[[0.         0.04778454 0.05025488 ... 0.0458393  0.04791612 0.04688029]\n",
      " [0.04778454 0.         0.04651308 ... 0.04715863 0.04751265 0.04553943]\n",
      " [0.05025488 0.04651308 0.         ... 0.04967261 0.05012605 0.04998677]\n",
      " ...\n",
      " [0.0458393  0.04715863 0.04967261 ... 0.         0.04721816 0.04572238]\n",
      " [0.04791612 0.04751265 0.05012605 ... 0.04721816 0.         0.0442894 ]\n",
      " [0.04688029 0.04553943 0.04998677 ... 0.04572238 0.0442894  0.        ]]\n",
      "[[0.         0.04727959 0.04977235 ... 0.04532742 0.04741191 0.04637122]\n",
      " [0.04727959 0.         0.0460028  ... 0.04665064 0.04700627 0.04502707]\n",
      " [0.04977235 0.0460028  0.         ... 0.04918291 0.04964181 0.04950076]\n",
      " ...\n",
      " [0.04532742 0.04665064 0.04918291 ... 0.         0.04671042 0.04521029]\n",
      " [0.04741191 0.04700627 0.04964181 ... 0.04671042 0.         0.04377645]\n",
      " [0.04637122 0.04502707 0.04950076 ... 0.04521029 0.04377645 0.        ]]\n"
     ]
    },
    {
     "name": "stdout",
     "output_type": "stream",
     "text": [
      "[[0.         0.04679113 0.04930427 ... 0.04483305 0.04692412 0.04587917]\n",
      " [0.04679113 0.         0.04550973 ... 0.04615953 0.04651656 0.04453234]\n",
      " [0.04930427 0.04550973 0.         ... 0.04870825 0.04917215 0.04902949]\n",
      " ...\n",
      " [0.04483305 0.04615953 0.04870825 ... 0.         0.04621953 0.04471577]\n",
      " [0.04692412 0.04651656 0.04917215 ... 0.04621953 0.         0.04328157]\n",
      " [0.04587917 0.04453234 0.04902949 ... 0.04471577 0.04328157 0.        ]]\n",
      "[[0.         0.04631877 0.0488504  ... 0.04435569 0.04645234 0.04540369]\n",
      " [0.04631877 0.         0.04503339 ... 0.04568485 0.0460431  0.04405474]\n",
      " [0.0488504  0.04503339 0.         ... 0.04824835 0.04871684 0.04857268]\n",
      " ...\n",
      " [0.04435569 0.04568485 0.04824835 ... 0.         0.04574503 0.0442383 ]\n",
      " [0.04645234 0.0460431  0.04871684 ... 0.04574503 0.         0.04280418]\n",
      " [0.04540369 0.04405474 0.04857268 ... 0.0442383  0.04280418 0.        ]]\n",
      "[[0.         0.04586207 0.04841046 ... 0.04389482 0.04599616 0.0449443 ]\n",
      " [0.04586207 0.         0.0445733  ... 0.04522614 0.04558544 0.04359373]\n",
      " [0.04841046 0.0445733  0.         ... 0.04780288 0.04827557 0.04813004]\n",
      " ...\n",
      " [0.04389482 0.04522614 0.04780288 ... 0.         0.04528649 0.04377736]\n",
      " [0.04599616 0.04558544 0.04827557 ... 0.04528649 0.         0.04234373]\n",
      " [0.0449443  0.04359373 0.04813004 ... 0.04377736 0.04234373 0.        ]]\n",
      "[[0.         0.04542059 0.04798416 ... 0.04344992 0.04555513 0.04450052]\n",
      " [0.04542059 0.         0.04412895 ... 0.04478292 0.04514312 0.04314877]\n",
      " [0.04798416 0.04412895 0.         ... 0.0473715  0.04784804 0.04770126]\n",
      " ...\n",
      " [0.04344992 0.04478292 0.0473715  ... 0.         0.04484341 0.04333243]\n",
      " [0.04555513 0.04514312 0.04784804 ... 0.04484341 0.         0.04189963]\n",
      " [0.04450052 0.04314877 0.04770126 ... 0.04333243 0.04189963 0.        ]]\n",
      "[[0.         0.04499386 0.04757115 ... 0.04302045 0.0451288  0.04407184]\n",
      " [0.04499386 0.         0.04369983 ... 0.04435471 0.04471567 0.04271932]\n",
      " [0.04757115 0.04369983 0.         ... 0.04695384 0.04743391 0.04728597]\n",
      " ...\n",
      " [0.04302045 0.04435471 0.04695384 ... 0.         0.04441531 0.04290295]\n",
      " [0.0451288  0.04471567 0.04743391 ... 0.04441531 0.         0.0414713 ]\n",
      " [0.04407184 0.04271932 0.04728597 ... 0.04290295 0.0414713  0.        ]]\n",
      "[[0.         0.04458141 0.04717109 ... 0.04260588 0.0447167  0.04365778]\n",
      " [0.04458141 0.         0.04328543 ... 0.04394101 0.04430261 0.04230483]\n",
      " [0.04717109 0.04328543 0.         ... 0.04654952 0.04703282 0.04688383]\n",
      " ...\n",
      " [0.04260588 0.04394101 0.04654952 ... 0.         0.04400171 0.0424884 ]\n",
      " [0.0447167  0.04430261 0.04703282 ... 0.04400171 0.         0.04105816]\n",
      " [0.04365778 0.04230483 0.04688383 ... 0.0424884  0.04105816 0.        ]]\n",
      "[[0.         0.04418278 0.04678363 ... 0.04220566 0.04431836 0.04325781]\n",
      " [0.04418278 0.         0.04288524 ... 0.04354134 0.04390346 0.04190477]\n",
      " [0.04678363 0.04288524 0.         ... 0.04615816 0.04664441 0.04649444]\n",
      " ...\n",
      " [0.04220566 0.04354134 0.04615816 ... 0.         0.04360211 0.04208823]\n",
      " [0.04431836 0.04390346 0.04664441 ... 0.04360211 0.         0.04065965]\n",
      " [0.04325781 0.04190477 0.04649444 ... 0.04208823 0.04065965 0.        ]]\n",
      "[[0.         0.0437975  0.04640838 ... 0.04181929 0.04393332 0.04287145]\n",
      " [0.0437975  0.         0.04249873 ... 0.0431552  0.04351773 0.04151859]\n",
      " [0.04640838 0.04249873 0.         ... 0.04577935 0.04626829 0.04611744]\n",
      " ...\n",
      " [0.04181929 0.0431552  0.04577935 ... 0.         0.04321603 0.04170192]\n",
      " [0.04393332 0.04351773 0.04626829 ... 0.04321603 0.         0.0402752 ]\n",
      " [0.04287145 0.04151859 0.04611744 ... 0.04170192 0.0402752  0.        ]]\n",
      "[[0.         0.04342509 0.04604499 ... 0.04144623 0.04356113 0.04249821]\n",
      " [0.04342509 0.         0.04212543 ... 0.0427821  0.04314497 0.04114579]\n",
      " [0.04604499 0.04212543 0.         ... 0.04541269 0.0459041  0.04575244]\n",
      " ...\n",
      " [0.04144623 0.0427821  0.04541269 ... 0.         0.04284298 0.04132896]\n",
      " [0.04356113 0.04314497 0.0459041  ... 0.04284298 0.         0.03990428]\n",
      " [0.04249821 0.04114579 0.04575244 ... 0.04132896 0.03990428 0.        ]]\n",
      "[[0.         0.0430651  0.04569309 ... 0.04108599 0.04320131 0.0421376 ]\n",
      " [0.0430651  0.         0.04176483 ... 0.04242158 0.04278469 0.04078585]\n",
      " [0.04569309 0.04176483 0.         ... 0.04505781 0.04555146 0.04539906]\n",
      " ...\n",
      " [0.04108599 0.04242158 0.04505781 ... 0.         0.04248249 0.04096883]\n",
      " [0.04320131 0.04278469 0.04555146 ... 0.04248249 0.         0.03954634]\n",
      " [0.0421376  0.04078585 0.04539906 ... 0.04096883 0.03954634 0.        ]]\n",
      "[[0.         0.04271709 0.04535229 ... 0.04073808 0.04285344 0.04178915]\n",
      " [0.04271709 0.         0.04141645 ... 0.04207317 0.04243645 0.04043827]\n",
      " [0.04535229 0.04141645 0.         ... 0.04471429 0.04521    0.04505691]\n",
      " ...\n",
      " [0.04073808 0.04207317 0.04471429 ... 0.         0.04213409 0.04062103]\n",
      " [0.04285344 0.04243645 0.04521    ... 0.04213409 0.         0.03920089]\n",
      " [0.04178915 0.04043827 0.04505691 ... 0.04062103 0.03920089 0.        ]]\n",
      "[[0.         0.0423806  0.04502224 ... 0.04040202 0.04251707 0.04145241]\n",
      " [0.0423806  0.         0.04107984 ... 0.04173642 0.04209979 0.04010257]\n",
      " [0.04502224 0.04107984 0.         ... 0.04438175 0.04487933 0.04472563]\n",
      " ...\n",
      " [0.04040202 0.04173642 0.04438175 ... 0.         0.04179735 0.0402851 ]\n",
      " [0.04251707 0.04209979 0.04487933 ... 0.04179735 0.         0.0388674 ]\n",
      " [0.04145241 0.04010257 0.04472563 ... 0.0402851  0.0388674  0.        ]]\n",
      "[[0.         0.04205523 0.04470258 ... 0.04007734 0.04219178 0.04112693]\n",
      " [0.04205523 0.         0.04075454 ... 0.04141088 0.04177429 0.03977829]\n",
      " [0.04470258 0.04075454 0.         ... 0.04405982 0.04455911 0.04440483]\n",
      " ...\n",
      " [0.04007734 0.04141088 0.04405982 ... 0.         0.04147181 0.03996058]\n",
      " [0.04219178 0.04177429 0.04455911 ... 0.04147181 0.         0.03854541]\n",
      " [0.04112693 0.03977829 0.04440483 ... 0.03996058 0.03854541 0.        ]]\n",
      "[[0.         0.04174054 0.04439295 ... 0.03976361 0.04187715 0.04081228]\n",
      " [0.04174054 0.         0.04044011 ... 0.04109614 0.04145953 0.03946497]\n",
      " [0.04439295 0.04044011 0.         ... 0.04374813 0.04424896 0.04409416]\n",
      " ...\n",
      " [0.03976361 0.04109614 0.04374813 ... 0.         0.04115705 0.039647  ]\n",
      " [0.04187715 0.04145953 0.04424896 ... 0.04115705 0.         0.03823446]\n",
      " [0.04081228 0.03946497 0.04409416 ... 0.039647   0.03823446 0.        ]]\n",
      "[[0.         0.04143613 0.044093   ... 0.03946039 0.04157279 0.04050804]\n",
      " [0.04143613 0.         0.04013614 ... 0.04079177 0.0411551  0.03916218]\n",
      " [0.044093   0.04013614 0.         ... 0.0434463  0.04394854 0.04379327]\n",
      " ...\n",
      " [0.03946039 0.04079177 0.0434463  ... 0.         0.04085266 0.03934394]\n",
      " [0.04157279 0.0411551  0.04394854 ... 0.04085266 0.         0.03793408]\n",
      " [0.04050804 0.03916218 0.04379327 ... 0.03934394 0.03793408 0.        ]]\n",
      "[[0.         0.04114163 0.0438024  ... 0.03916726 0.04127831 0.0402138 ]\n",
      " [0.04114163 0.         0.03984221 ... 0.04049738 0.0408606  0.03886951]\n",
      " [0.0438024  0.03984221 0.         ... 0.04315399 0.04365751 0.04350181]\n",
      " ...\n",
      " [0.03916726 0.04049738 0.04315399 ... 0.         0.04055825 0.03905098]\n",
      " [0.04127831 0.0408606  0.04365751 ... 0.04055825 0.         0.03764387]\n",
      " [0.0402138  0.03886951 0.04350181 ... 0.03905098 0.03764387 0.        ]]\n",
      "[[0.         0.04085664 0.04352081 ... 0.03888382 0.04099333 0.03992919]\n",
      " [0.04085664 0.         0.03955793 ... 0.04021258 0.04057566 0.03858654]\n",
      " [0.04352081 0.03955793 0.         ... 0.04287086 0.04337553 0.04321944]\n",
      " ...\n",
      " [0.03888382 0.04021258 0.04287086 ... 0.         0.04027342 0.03876772]\n",
      " [0.04099333 0.04057566 0.04337553 ... 0.04027342 0.         0.03736339]\n",
      " [0.03992919 0.03858654 0.04321944 ... 0.03876772 0.03736339 0.        ]]\n",
      "[[0.         0.04058081 0.04324792 ... 0.0386097  0.04071749 0.03965382]\n",
      " [0.04058081 0.         0.03928292 ... 0.039937   0.0402999  0.0383129 ]\n",
      " [0.04324792 0.03928292 0.         ... 0.04259656 0.04310228 0.04294584]\n",
      " ...\n",
      " [0.0386097  0.039937   0.04259656 ... 0.         0.0399978  0.03849378]\n",
      " [0.04071749 0.0402999  0.04310228 ... 0.0399978  0.         0.03709227]\n",
      " [0.03965382 0.0383129  0.04294584 ... 0.03849378 0.03709227 0.        ]]\n",
      "[[0.         0.04031379 0.04298342 ... 0.03834452 0.04045044 0.03938734]\n",
      " [0.04031379 0.         0.03901682 ... 0.03967029 0.04003297 0.03804821]\n",
      " [0.04298342 0.03901682 0.         ... 0.04233079 0.04283745 0.04268068]\n",
      " ...\n",
      " [0.03834452 0.03967029 0.04233079 ... 0.         0.03973105 0.03822878]\n",
      " [0.04045044 0.04003297 0.04283745 ... 0.03973105 0.         0.03683011]\n",
      " [0.03938734 0.03804821 0.04268068 ... 0.03822878 0.03683011 0.        ]]\n"
     ]
    },
    {
     "name": "stdout",
     "output_type": "stream",
     "text": [
      "[[0.         0.04005524 0.04272701 ... 0.03808793 0.04019185 0.0391294 ]\n",
      " [0.04005524 0.         0.03875928 ... 0.0394121  0.03977455 0.03779212]\n",
      " [0.04272701 0.03875928 0.         ... 0.04207323 0.04258074 0.04242368]\n",
      " ...\n",
      " [0.03808793 0.0394121  0.04207323 ... 0.         0.03947281 0.03797238]\n",
      " [0.04019185 0.03977455 0.04258074 ... 0.03947281 0.         0.03657656]\n",
      " [0.0391294  0.03779212 0.04242368 ... 0.03797238 0.03657656 0.        ]]\n",
      "[[0.         0.03980484 0.04247839 ... 0.03783959 0.03994139 0.03887967]\n",
      " [0.03980484 0.         0.03850997 ... 0.0391621  0.03952428 0.03754428]\n",
      " [0.04247839 0.03850997 0.         ... 0.04182357 0.04233185 0.04217452]\n",
      " ...\n",
      " [0.03783959 0.0391621  0.04182357 ... 0.         0.03922277 0.03772423]\n",
      " [0.03994139 0.03952428 0.04233185 ... 0.03922277 0.         0.03633126]\n",
      " [0.03887967 0.03754428 0.04217452 ... 0.03772423 0.03633126 0.        ]]\n",
      "[[0.         0.03956227 0.04223729 ... 0.03759917 0.03969876 0.03863782]\n",
      " [0.03956227 0.         0.03826856 ... 0.03891998 0.03928188 0.03730437]\n",
      " [0.04223729 0.03826856 0.         ... 0.04158154 0.0420905  0.04193293]\n",
      " ...\n",
      " [0.03759917 0.03891998 0.04158154 ... 0.         0.03898059 0.037484  ]\n",
      " [0.03969876 0.03928188 0.0420905  ... 0.03898059 0.         0.0360939 ]\n",
      " [0.03863782 0.03730437 0.04193293 ... 0.037484   0.0360939  0.        ]]\n",
      "[[0.         0.03932723 0.04200342 ... 0.03736636 0.03946366 0.03840356]\n",
      " [0.03932723 0.         0.03803475 ... 0.03868543 0.03904702 0.03707207]\n",
      " [0.04200342 0.03803475 0.         ... 0.04134684 0.04185642 0.04169863]\n",
      " ...\n",
      " [0.03736636 0.03868543 0.04134684 ... 0.         0.03874598 0.03725139]\n",
      " [0.03946366 0.03904702 0.04185642 ... 0.03874598 0.         0.03586414]\n",
      " [0.03840356 0.03707207 0.04169863 ... 0.03725139 0.03586414 0.        ]]\n",
      "[[0.         0.03909944 0.04177654 ... 0.03714086 0.03923579 0.0381766 ]\n",
      " [0.03909944 0.         0.03780824 ... 0.03845816 0.03881943 0.03684709]\n",
      " [0.04177654 0.03780824 0.         ... 0.04111921 0.04162933 0.04147136]\n",
      " ...\n",
      " [0.03714086 0.03845816 0.04111921 ... 0.         0.03851865 0.03702609]\n",
      " [0.03923579 0.03881943 0.04162933 ... 0.03851865 0.         0.03564168]\n",
      " [0.0381766  0.03684709 0.04147136 ... 0.03702609 0.03564168 0.        ]]\n",
      "[[0.         0.03887863 0.04155639 ... 0.03692239 0.03901489 0.03795664]\n",
      " [0.03887863 0.         0.03758875 ... 0.03823789 0.03859882 0.03662914]\n",
      " [0.04155639 0.03758875 0.         ... 0.0408984  0.041409   0.04125085]\n",
      " ...\n",
      " [0.03692239 0.03823789 0.0408984  ... 0.         0.03829832 0.03680782]\n",
      " [0.03901489 0.03859882 0.041409   ... 0.03829832 0.         0.03542625]\n",
      " [0.03795664 0.03662914 0.04125085 ... 0.03680782 0.03542625 0.        ]]\n",
      "[[0.         0.03866452 0.04134273 ... 0.03671068 0.03880069 0.03774341]\n",
      " [0.03866452 0.         0.03737601 ... 0.03802435 0.03838494 0.03641794]\n",
      " [0.04134273 0.03737601 0.         ... 0.04068414 0.04119517 0.04103687]\n",
      " ...\n",
      " [0.03671068 0.03802435 0.04068414 ... 0.         0.03808472 0.0365963 ]\n",
      " [0.03880069 0.03838494 0.04119517 ... 0.03808472 0.         0.03521754]\n",
      " [0.03774341 0.03641794 0.04103687 ... 0.0365963  0.03521754 0.        ]]\n",
      "[[0.         0.03845687 0.04113532 ... 0.03650545 0.03859294 0.03753668]\n",
      " [0.03845687 0.         0.03716975 ... 0.03781729 0.03817751 0.03621323]\n",
      " [0.04113532 0.03716975 0.         ... 0.04047621 0.04098761 0.04082917]\n",
      " ...\n",
      " [0.03650545 0.03781729 0.04047621 ... 0.         0.03787759 0.03639127]\n",
      " [0.03859294 0.03817751 0.04098761 ... 0.03787759 0.         0.03501531]\n",
      " [0.03753668 0.03621323 0.04082917 ... 0.03639127 0.03501531 0.        ]]\n",
      "[[0.         0.03825543 0.04093393 ... 0.03630646 0.0383914  0.03733617]\n",
      " [0.03825543 0.         0.03696973 ... 0.03761645 0.03797631 0.03601476]\n",
      " [0.04093393 0.03696973 0.         ... 0.04027436 0.0407861  0.04062753]\n",
      " ...\n",
      " [0.03630646 0.03761645 0.04027436 ... 0.         0.03767669 0.03619248]\n",
      " [0.0383914  0.03797631 0.0407861  ... 0.03767669 0.         0.03481929]\n",
      " [0.03733617 0.03601476 0.04062753 ... 0.03619248 0.03481929 0.        ]]\n",
      "[[0.         0.03805996 0.04073835 ... 0.03611348 0.03819583 0.03714166]\n",
      " [0.03805996 0.         0.03677572 ... 0.03742161 0.03778109 0.03582229]\n",
      " [0.04073835 0.03677572 0.         ... 0.04007839 0.0405904  0.04043173]\n",
      " ...\n",
      " [0.03611348 0.03742161 0.04007839 ... 0.         0.03748178 0.03599969]\n",
      " [0.03819583 0.03778109 0.0405904  ... 0.03748178 0.         0.03462924]\n",
      " [0.03714166 0.03582229 0.04043173 ... 0.03599969 0.03462924 0.        ]]\n",
      "[[0.         0.03787025 0.04054838 ... 0.03592626 0.03800601 0.03695292]\n",
      " [0.03787025 0.         0.03658747 ... 0.03723253 0.03759164 0.03563558]\n",
      " [0.04054838 0.03658747 0.         ... 0.03988807 0.04040032 0.04024156]\n",
      " ...\n",
      " [0.03592626 0.03723253 0.03988807 ... 0.         0.03729264 0.03581267]\n",
      " [0.03800601 0.03759164 0.04040032 ... 0.03729264 0.         0.03444494]\n",
      " [0.03695292 0.03563558 0.04024156 ... 0.03581267 0.03444494 0.        ]]\n",
      "[[0.         0.03768608 0.04036381 ... 0.0357446  0.03782172 0.03676974]\n",
      " [0.03768608 0.         0.03640478 ... 0.03704901 0.03740773 0.03545442]\n",
      " [0.04036381 0.03640478 0.         ... 0.0397032  0.04021566 0.04005681]\n",
      " ...\n",
      " [0.0357446  0.03704901 0.0397032  ... 0.         0.03710904 0.0356312 ]\n",
      " [0.03782172 0.03740773 0.04021566 ... 0.03710904 0.         0.03426616]\n",
      " [0.03676974 0.03545442 0.04005681 ... 0.0356312  0.03426616 0.        ]]\n",
      "[[0.         0.03750724 0.04018444 ... 0.03556827 0.03764277 0.0365919 ]\n",
      " [0.03750724 0.         0.03622743 ... 0.03687082 0.03722915 0.03527859]\n",
      " [0.04018444 0.03622743 0.         ... 0.03952358 0.04003621 0.03987729]\n",
      " ...\n",
      " [0.03556827 0.03687082 0.03952358 ... 0.         0.03693079 0.03545507]\n",
      " [0.03764277 0.03722915 0.04003621 ... 0.03693079 0.         0.03409268]\n",
      " [0.0365919  0.03527859 0.03987729 ... 0.03545507 0.03409268 0.        ]]\n",
      "[[0.         0.03733354 0.0400101  ... 0.03539709 0.03746895 0.0364192 ]\n",
      " [0.03733354 0.         0.03605522 ... 0.03669778 0.03705572 0.0351079 ]\n",
      " [0.0400101  0.03605522 0.         ... 0.03934903 0.0398618  0.03970282]\n",
      " ...\n",
      " [0.03539709 0.03669778 0.03934903 ... 0.         0.03675768 0.03528407]\n",
      " [0.03746895 0.03705572 0.0398618  ... 0.03675768 0.         0.0339243 ]\n",
      " [0.0364192  0.0351079  0.03970282 ... 0.03528407 0.0339243  0.        ]]\n",
      "[[0.         0.03716478 0.0398406  ... 0.03523085 0.03730007 0.03625145]\n",
      " [0.03716478 0.         0.03588797 ... 0.0365297  0.03688723 0.03494215]\n",
      " [0.0398406  0.03588797 0.         ... 0.03917937 0.03969224 0.03953321]\n",
      " ...\n",
      " [0.03523085 0.0365297  0.03917937 ... 0.         0.03658952 0.03511802]\n",
      " [0.03730007 0.03688723 0.03969224 ... 0.03658952 0.         0.03376084]\n",
      " [0.03625145 0.03494215 0.03953321 ... 0.03511802 0.03376084 0.        ]]\n",
      "[[0.         0.03700079 0.03967578 ... 0.03506936 0.03713596 0.03608848]\n",
      " [0.03700079 0.         0.03572549 ... 0.03636638 0.03672352 0.03478115]\n",
      " [0.03967578 0.03572549 0.         ... 0.03901441 0.03952736 0.03936829]\n",
      " ...\n",
      " [0.03506936 0.03636638 0.03901441 ... 0.         0.03642614 0.03495672]\n",
      " [0.03713596 0.03672352 0.03952736 ... 0.03642614 0.         0.0336021 ]\n",
      " [0.03608848 0.03478115 0.03936829 ... 0.03495672 0.0336021  0.        ]]\n",
      "[[0.         0.0368414  0.03951546 ... 0.03491247 0.03697644 0.0359301 ]\n",
      " [0.0368414  0.         0.0355676  ... 0.03620766 0.0365644  0.03462474]\n",
      " [0.03951546 0.0355676  0.         ... 0.03885399 0.03936701 0.0392079 ]\n",
      " ...\n",
      " [0.03491247 0.03620766 0.03885399 ... 0.         0.03626734 0.03480001]\n",
      " [0.03697644 0.0365644  0.03936701 ... 0.03626734 0.         0.0334479 ]\n",
      " [0.0359301  0.03462474 0.0392079  ... 0.03480001 0.0334479  0.        ]]\n",
      "[[0.         0.03668643 0.03935949 ... 0.03475998 0.03682135 0.03577615]\n",
      " [0.03668643 0.         0.03541413 ... 0.03605336 0.03640971 0.03447273]\n",
      " [0.03935949 0.03541413 0.         ... 0.03869796 0.039211   0.03905188]\n",
      " ...\n",
      " [0.03475998 0.03605336 0.03869796 ... 0.         0.03611298 0.03464771]\n",
      " [0.03682135 0.03640971 0.039211   ... 0.03611298 0.         0.03329808]\n",
      " [0.03577615 0.03447273 0.03905188 ... 0.03464771 0.03329808 0.        ]]\n",
      "[[0.         0.03653572 0.03920773 ... 0.03461175 0.03667052 0.03562646]\n",
      " [0.03653572 0.         0.03526492 ... 0.03590333 0.03625928 0.03432497]\n",
      " [0.03920773 0.03526492 0.         ... 0.03854615 0.03905921 0.03890006]\n",
      " ...\n",
      " [0.03461175 0.03590333 0.03854615 ... 0.         0.03596288 0.03449966]\n",
      " [0.03667052 0.03625928 0.03905921 ... 0.03596288 0.         0.03315248]\n",
