{
 "cells": [
  {
   "cell_type": "code",
   "execution_count": 21,
   "id": "c595c1b1",
   "metadata": {},
   "outputs": [
    {
     "name": "stdout",
     "output_type": "stream",
     "text": [
      "[[ 8.56674965e-01 -4.69546423e-02  7.10492746e-04 ... -6.20900948e-02\n",
      "   1.04386946e-03 -4.04327770e-03]\n",
      " [-4.69546423e-02  9.38798181e-01 -2.51178872e-02 ... -5.13753484e-02\n",
      "  -2.13891899e-02 -7.12856371e-03]\n",
      " [ 7.10492746e-04 -2.51178872e-02  9.53195487e-01 ... -1.71439112e-02\n",
      "  -3.17382184e-02 -8.01724991e-03]\n",
      " ...\n",
      " [-6.20900948e-02 -5.13753484e-02 -1.71439112e-02 ...  8.92011139e-01\n",
      "  -1.16035643e-02  4.13869758e-03]\n",
      " [ 1.04386946e-03 -2.13891899e-02 -3.17382184e-02 ... -1.16035643e-02\n",
      "   9.53001181e-01 -3.72668251e-03]\n",
      " [-4.04327770e-03 -7.12856371e-03 -8.01724991e-03 ...  4.13869758e-03\n",
      "  -3.72668251e-03  8.97612760e-01]]\n",
      "[[ 1.1690525  -0.06990955  0.00369225 ... -0.09540646  0.00223824\n",
      "  -0.00682564]\n",
      " [-0.06990955  1.30374912 -0.03695975 ... -0.07760222 -0.03124428\n",
      "  -0.01127567]\n",
      " [ 0.00369225 -0.03695975  1.32746016 ... -0.02395165 -0.04694635\n",
      "  -0.01311356]\n",
      " ...\n",
      " [-0.09540646 -0.07760222 -0.02395165 ...  1.22468276 -0.01625904\n",
      "   0.00583384]\n",
      " [ 0.00223824 -0.03124428 -0.04694635 ... -0.01625904  1.3285413\n",
      "  -0.00468153]\n",
      " [-0.00682564 -0.01127567 -0.01311356 ...  0.00583384 -0.00468153\n",
      "   1.23527474]]\n",
      "[[ 1.53420347 -0.09864813  0.00918488 ... -0.13993268  0.00440707\n",
      "  -0.01029684]\n",
      " [-0.09864813  1.74607775 -0.05247252 ... -0.11194743 -0.04353707\n",
      "  -0.01675812]\n",
      " [ 0.00918488 -0.05247252  1.78347668 ... -0.032004   -0.0665948\n",
      "  -0.02032479]\n",
      " ...\n",
      " [-0.13993268 -0.11194743 -0.032004   ...  1.61884217 -0.02144218\n",
      "   0.00774549]\n",
      " [ 0.00440707 -0.04353707 -0.0665948  ... -0.02144218  1.78764487\n",
      "  -0.00576203]\n",
      " [-0.01029684 -0.01675812 -0.02032479 ...  0.00774549 -0.00576203\n",
      "   1.63765461]]\n",
      "[[ 1.92897094 -0.13159156  0.01849832 ... -0.19592749  0.00828894\n",
      "  -0.01387452]\n",
      " [-0.13159156  2.25030056 -0.07187571 ... -0.15426294 -0.05780479\n",
      "  -0.02331347]\n",
      " [ 0.01849832 -0.07187571  2.30701341 ... -0.04069494 -0.09061432\n",
      "  -0.02960582]\n",
      " ...\n",
      " [-0.19592749 -0.15426294 -0.04069494 ...  2.05442313 -0.02636992\n",
      "   0.00970211]\n",
      " [ 0.00828894 -0.05780479 -0.09061432 ... -0.02636992  2.3175164\n",
      "  -0.00683128]\n",
      " [-0.01387452 -0.02331347 -0.02960582 ...  0.00970211 -0.00683128\n",
      "   2.08603255]]\n",
      "[[ 2.32149383 -0.16579761  0.03300623 ... -0.26225632  0.01471426\n",
      "  -0.016767  ]\n",
      " [-0.16579761  2.79285752 -0.0951196  ... -0.20330677 -0.07329776\n",
      "  -0.03043235]\n",
      " [ 0.03300623 -0.0951196   2.87558756 ... -0.04909608 -0.1184855\n",
      "  -0.04038115]\n",
      " ...\n",
      " [-0.26225632 -0.20330677 -0.04909608 ...  2.503348   -0.03017799\n",
      "   0.01140804]\n",
      " [ 0.01471426 -0.07329776 -0.1184855  ... -0.03017799  2.89772347\n",
      "  -0.00760861]\n",
      " [-0.016767   -0.03043235 -0.04038115 ...  0.01140804 -0.00760861\n",
      "   2.55382423]]\n",
      "[[ 2.68244741 -0.19784955  0.05346054 ... -0.33649833  0.02411227\n",
      "  -0.01846588]\n",
      " [-0.19784955  3.35046928 -0.12187662 ... -0.25698112 -0.08931123\n",
      "  -0.03761943]\n",
      " [ 0.05346054 -0.12187662  3.46633116 ... -0.05622758 -0.149408\n",
      "  -0.05161914]\n",
      " ...\n",
      " [-0.33649833 -0.25698112 -0.05622758 ...  2.93898301 -0.03244753\n",
      "   0.01246562]\n",
      " [ 0.02411227 -0.08931123 -0.149408   ... -0.03244753  3.50767372\n",
      "  -0.00773773]\n",
      " [-0.01846588 -0.03761943 -0.05161914 ...  0.01246562 -0.00773773\n",
      "   3.01593281]]\n",
      "[[ 2.9957297  -0.22528452  0.0792525  ... -0.41526793  0.03605622\n",
      "  -0.01905778]\n",
      " [-0.22528452  3.90604901 -0.15146807 ... -0.3128458  -0.10542887\n",
      "  -0.04461503]\n",
      " [ 0.0792525  -0.15146807  4.06150588 ... -0.06143191 -0.18249202\n",
      "  -0.06222246]\n",
      " ...\n",
      " [-0.41526793 -0.3128458  -0.06143191 ...  3.34383814 -0.03350101\n",
      "   0.0125856 ]\n",
      " [ 0.03605622 -0.10542887 -0.18249202 ... -0.03350101  4.13109877\n",
      "  -0.00698883]\n",
      " [-0.01905778 -0.04461503 -0.06222246 ...  0.0125856  -0.00698883\n",
      "   3.45617687]]\n",
      "[[ 3.25968395 -0.2473561   0.10851238 ... -0.49478804  0.04944609\n",
      "  -0.01896466]\n",
      " [-0.2473561   4.44821685 -0.18286039 ... -0.36860732 -0.12146356\n",
      "  -0.0513481 ]\n",
      " [ 0.10851238 -0.18286039  4.64815339 ... -0.06459821 -0.21685078\n",
      "  -0.07146897]\n",
      " ...\n",
      " [-0.49478804 -0.36860732 -0.06459821 ...  3.71023818 -0.03408129\n",
      "   0.01179045]\n",
      " [ 0.04944609 -0.12146356 -0.21685078 ... -0.03408129  4.75480698\n",
      "  -0.005397  ]\n",
      " [-0.01896466 -0.0513481  -0.07146897 ...  0.01179045 -0.005397\n",
      "   3.86729336]]\n",
      "[[ 3.47947587e+00 -2.64495444e-01  1.39097990e-01 ... -5.71697583e-01\n",
      "   6.31648419e-02 -1.85206801e-02]\n",
      " [-2.64495444e-01  4.96800795e+00 -2.14889739e-01 ... -4.22416373e-01\n",
      "  -1.37265511e-01 -5.77719245e-02]\n",
      " [ 1.39097990e-01 -2.14889739e-01  5.21541894e+00 ... -6.60264960e-02\n",
      "  -2.51637907e-01 -7.91025071e-02]\n",
      " ...\n",
      " [-5.71697583e-01 -4.22416373e-01 -6.60264960e-02 ...  4.03587249e+00\n",
      "  -3.47928238e-02  1.03273147e-02]\n",
      " [ 6.31648419e-02 -1.37265511e-01 -2.51637907e-01 ... -3.47928238e-02\n",
      "   5.36628940e+00 -3.16535183e-03]\n",
      " [-1.85206801e-02 -5.77719245e-02 -7.91025071e-02 ...  1.03273147e-02\n",
      "  -3.16535183e-03  4.24608127e+00]]\n",
      "[[ 3.66059361e+00 -2.77436196e-01  1.69358523e-01 ... -6.43574928e-01\n",
      "   7.64531439e-02 -1.78628701e-02]\n",
      " [-2.77436196e-01  5.45768352e+00 -2.46530600e-01 ... -4.72958302e-01\n",
      "  -1.52647268e-01 -6.38074690e-02]\n",
      " [ 1.69358523e-01 -2.46530600e-01  5.75388294e+00 ... -6.61285182e-02\n",
      "  -2.86098847e-01 -8.51384277e-02]\n",
      " ...\n",
      " [-6.43574928e-01 -4.72958302e-01 -6.61285182e-02 ...  4.32027654e+00\n",
      "  -3.58990152e-02  8.46082097e-03]\n",
      " [ 7.64531439e-02 -1.52647268e-01 -2.86098847e-01 ... -3.58990152e-02\n",
      "   5.95401620e+00 -5.05497126e-04]\n",
      " [-1.78628701e-02 -6.38074690e-02 -8.51384277e-02 ...  8.46082097e-03\n",
      "  -5.05497126e-04  4.59026772e+00]]\n",
      "[[ 3.80766477e+00 -2.86858426e-01  1.98239414e-01 ... -7.08991679e-01\n",
      "   8.88831500e-02 -1.70267744e-02]\n",
      " [-2.86858426e-01  5.91162231e+00 -2.77013729e-01 ... -5.19421650e-01\n",
      "  -1.67421862e-01 -6.93777043e-02]\n",
      " [ 1.98239414e-01 -2.77013729e-01  6.25660749e+00 ... -6.52742824e-02\n",
      "  -3.19620243e-01 -8.97052909e-02]\n",
      " ...\n",
      " [-7.08991679e-01 -5.19421650e-01 -6.52742824e-02 ...  4.56432019e+00\n",
      "  -3.74338726e-02  6.38778901e-03]\n",
      " [ 8.88831500e-02 -1.67421862e-01 -3.19620243e-01 ... -3.74338726e-02\n",
      "   6.50908269e+00  2.41711556e-03]\n",
      " [-1.70267744e-02 -6.93777043e-02 -8.97052909e-02 ...  6.38778901e-03\n",
      "   2.41711556e-03  4.89859466e+00]]\n",
      "[[ 3.92523195e+00 -2.93380343e-01  2.25134857e-01 ... -7.67351513e-01\n",
      "   1.00242086e-01 -1.60292351e-02]\n",
      " [-2.93380343e-01  6.32703528e+00 -3.05827377e-01 ... -5.61426246e-01\n",
      "  -1.81447547e-01 -7.44409694e-02]\n",
      " [ 2.25134857e-01 -3.05827377e-01  6.71981420e+00 ... -6.37761593e-02\n",
      "  -3.51748047e-01 -9.29882420e-02]\n",
      " ...\n",
      " [-7.67351513e-01 -5.61426246e-01 -6.37761593e-02 ...  4.77054741e+00\n",
      "  -3.93377732e-02  4.24550039e-03]\n",
      " [ 1.00242086e-01 -1.81447547e-01 -3.51748047e-01 ... -3.93377732e-02\n",
      "   7.02604036e+00  5.47455804e-03]\n",
      " [-1.60292351e-02 -7.44409694e-02 -9.29882420e-02 ...  4.24550039e-03\n",
      "   5.47455804e-03  5.17152140e+00]]\n",
      "[[ 4.01802407e+00 -2.97583955e-01  2.49753083e-01 ... -8.18675916e-01\n",
      "   1.10455765e-01 -1.48967334e-02]\n",
      " [-2.97583955e-01  6.70371438e+00 -3.32676001e-01 ... -5.98930601e-01\n",
      "  -1.94640135e-01 -7.89958797e-02]\n",
      " [ 2.49753083e-01 -3.32676001e-01  7.14256946e+00 ... -6.18975851e-02\n",
      "  -3.82176177e-01 -9.52025055e-02]\n",
      " ...\n",
      " [-8.18675916e-01 -5.98930601e-01 -6.18975851e-02 ...  4.94291984e+00\n",
      "  -4.15257296e-02  2.13163156e-03]\n",
      " [ 1.10455765e-01 -1.94640135e-01 -3.82176177e-01 ... -4.15257296e-02\n",
      "   7.50258880e+00  8.56534112e-03]\n",
      " [-1.48967334e-02 -7.89958797e-02 -9.52025055e-02 ...  2.13163156e-03\n",
      "   8.56534112e-03  5.41114606e+00]]\n",
      "[[ 4.09068310e+00 -3.00005002e-01  2.72018959e-01 ... -8.63386892e-01\n",
      "   1.19541282e-01 -1.36662231e-02]\n",
      " [-3.00005002e-01  7.04324752e+00 -3.57428209e-01 ... -6.32127711e-01\n",
      "  -2.06963788e-01 -8.30699106e-02]\n",
      " [ 2.72018959e-01 -3.57428209e-01  7.52594820e+00 ... -5.98525789e-02\n",
      "  -4.10720192e-01 -9.65678608e-02]\n",
      " ...\n",
      " [-8.63386892e-01 -6.32127711e-01 -5.98525789e-02 ...  5.08612011e+00\n",
      "  -4.39126461e-02  1.14653349e-04]\n",
      " [ 1.19541282e-01 -2.06963788e-01 -4.10720192e-01 ... -4.39126461e-02\n",
      "   7.93872394e+00  1.16107423e-02]\n",
      " [-1.36662231e-02 -8.30699106e-02 -9.65678608e-02 ...  1.14653349e-04\n",
      "   1.16107423e-02  5.62059842e+00]]\n",
      "[[ 4.14741800e+00 -3.01112192e-01  2.91997648e-01 ... -9.02119813e-01\n",
      "   1.27571550e-01 -1.23787154e-02]\n",
      " [-3.01112192e-01  7.34820964e+00 -3.80066822e-01 ... -6.61347910e-01\n",
      "  -2.18415940e-01 -8.67054001e-02]\n",
      " [ 2.91997648e-01 -3.80066822e-01  7.87218286e+00 ... -5.78036606e-02\n",
      "  -4.37288045e-01 -9.72876515e-02]\n",
      " ...\n",
      " [-9.02119813e-01 -6.61347910e-01 -5.78036606e-02 ...  5.20487842e+00\n",
      "  -4.64218422e-02 -1.76091718e-03]\n",
      " [ 1.27571550e-01 -2.18415940e-01 -4.37288045e-01 ... -4.64218422e-02\n",
      "   8.33586240e+00  1.45530920e-02]\n",
      " [-1.23787154e-02 -8.67054001e-02 -9.72876515e-02 ... -1.76091718e-03\n",
      "   1.45530920e-02  5.80339770e+00]]\n"
     ]
    },
    {
     "name": "stdout",
     "output_type": "stream",
     "text": [
      "[[ 4.19180344e+00 -3.01294964e-01  3.09835178e-01 ... -9.35586110e-01\n",
      "   1.34647946e-01 -1.10733587e-02]\n",
      " [-3.01294964e-01  7.62156105e+00 -4.00647767e-01 ... -6.86983001e-01\n",
      "  -2.29014252e-01 -8.99490723e-02]\n",
      " [ 3.09835178e-01 -4.00647767e-01  8.18402587e+00 ... -5.58645221e-02\n",
      "  -4.61854486e-01 -9.75366965e-02]\n",
      " ...\n",
      " [-9.35586110e-01 -6.86983001e-01 -5.58645221e-02 ...  5.30353235e+00\n",
      "  -4.89877794e-02 -3.47015270e-03]\n",
      " [ 1.34647946e-01 -2.29014252e-01 -4.61854486e-01 ... -4.89877794e-02\n",
      "   8.69617007e+00  1.73531860e-02]\n",
      " [-1.10733587e-02 -8.99490723e-02 -9.75366965e-02 ... -3.47015270e-03\n",
      "   1.73531860e-02  5.96300008e+00]]\n",
      "[[ 4.22673388e+00 -3.00862901e-01  3.25715863e-01 ... -9.64486765e-01\n",
      "   1.40881087e-01 -9.78384213e-03]\n",
      " [-3.00862901e-01  7.86628049e+00 -4.19269884e-01 ... -7.09435275e-01\n",
      "  -2.38787704e-01 -9.28459883e-02]\n",
      " [ 3.25715863e-01 -4.19269884e-01  8.46435280e+00 ... -5.41072068e-02\n",
      "  -4.84441193e-01 -9.74574054e-02]\n",
      " ...\n",
      " [-9.64486765e-01 -7.09435275e-01 -5.41072068e-02 ...  5.38582243e+00\n",
      "  -5.15565341e-02 -5.00320613e-03]\n",
      " [ 1.40881087e-01 -2.38787704e-01 -4.84441193e-01 ... -5.15565341e-02\n",
      "   9.02212722e+00  1.99868396e-02]\n",
      " [-9.78384213e-03 -9.28459883e-02 -9.74574054e-02 ... -5.00320613e-03\n",
      "   1.99868396e-02  6.10255509e+00]]\n",
      "[[ 4.25447692e+00 -3.00053224e-01  3.39834725e-01 ... -9.89466127e-01\n",
      "   1.46378921e-01 -8.53691393e-03]\n",
      " [-3.00053224e-01  8.08517838e+00 -4.36054579e-01 ... -7.29087786e-01\n",
      "  -2.47771289e-01 -9.54368399e-02]\n",
      " [ 3.39834725e-01 -4.36054579e-01  8.71595131e+00 ... -5.25712494e-02\n",
      "  -5.05102328e-01 -9.71612338e-02]\n",
      " ...\n",
      " [-9.89466127e-01 -7.29087786e-01 -5.25712494e-02 ...  5.45485105e+00\n",
      "  -5.40852305e-02 -6.36096830e-03]\n",
      " [ 1.46378921e-01 -2.47771289e-01 -5.05102328e-01 ... -5.40852305e-02\n",
      "   9.31628036e+00  2.24413183e-02]\n",
      " [-8.53691393e-03 -9.54368399e-02 -9.71612338e-02 ... -6.36096830e-03\n",
      "   2.24413183e-02  6.22481415e+00]]\n",
      "[[ 4.27677077e+00 -2.99042025e-01  3.52381452e-01 ... -1.01109291e+00\n",
      "   1.51240425e-01 -7.35231993e-03]\n",
      " [-2.99042025e-01  8.28082358e+00 -4.51132934e-01 ... -7.46289830e-01\n",
      "  -2.56003168e-01 -9.77572395e-02]\n",
      " [ 3.52381452e-01 -4.51132934e-01  8.94142849e+00 ... -5.12726064e-02\n",
      "  -5.23914247e-01 -9.67327543e-02]\n",
      " ...\n",
      " [-1.01109291e+00 -7.46289830e-01 -5.12726064e-02 ...  5.51313079e+00\n",
      "  -5.65409660e-02 -7.55133076e-03]\n",
      " [ 1.51240425e-01 -2.56003168e-01 -5.23914247e-01 ... -5.65409660e-02\n",
      "   9.58111666e+00  2.47121835e-02]\n",
      " [-7.35231993e-03 -9.77572395e-02 -9.67327543e-02 ... -7.55133076e-03\n",
      "   2.47121835e-02  6.33212775e+00]]\n",
      "[[ 4.29493008e+00 -2.97956184e-01  3.63532208e-01 ... -1.02985718e+00\n",
      "   1.55553023e-01 -6.24351827e-03]\n",
      " [-2.97956184e-01  8.45553158e+00 -4.64637936e-01 ... -7.61351938e-01\n",
      "  -2.63523206e-01 -9.98379874e-02]\n",
      " [ 3.63532208e-01 -4.64637936e-01  9.14318352e+00 ... -5.02112246e-02\n",
      "  -5.40968160e-01 -9.62345117e-02]\n",
      " ...\n",
      " [-1.02985718e+00 -7.61351938e-01 -5.02112246e-02 ...  5.56266979e+00\n",
      "  -5.88995211e-02 -8.58626254e-03]\n",
      " [ 1.55553023e-01 -2.63523206e-01 -5.40968160e-01 ... -5.88995211e-02\n",
      "   9.81900883e+00  2.68007640e-02]\n",
      " [-6.24351827e-03 -9.98379874e-02 -9.62345117e-02 ... -8.58626254e-03\n",
      "   2.68007640e-02  6.42648469e+00]]\n",
      "[[ 4.30994197e+00 -2.96884273e-01  3.73446318e-01 ... -1.04617555e+00\n",
      "   1.59392220e-01 -5.21871487e-03]\n",
      " [-2.96884273e-01  8.61138065e+00 -4.76699926e-01 ... -7.74546220e-01\n",
      "  -2.70372200e-01 -1.01705704e-01]\n",
      " [ 3.73446318e-01 -4.76699926e-01  9.32341138e+00 ... -4.93769006e-02\n",
      "  -5.56364744e-01 -9.57116647e-02]\n",
      " ...\n",
      " [-1.04617555e+00 -7.74546220e-01 -4.93769006e-02 ...  5.60506364e+00\n",
      "  -6.11440258e-02 -9.47969553e-03]\n",
      " [ 1.59392220e-01 -2.70372200e-01 -5.56364744e-01 ... -6.11440258e-02\n",
      "   1.00321960e+01  2.87122484e-02]\n",
      " [-5.21871487e-03 -1.01705704e-01 -9.57116647e-02 ... -9.47969553e-03\n",
      "   2.87122484e-02  6.50956516e+00]]\n",
      "[[ 4.32254553e+00 -2.95885787e-01  3.82265714e-01 ... -1.06039981e+00\n",
      "   1.62822386e-01 -4.28194734e-03]\n",
      " [-2.95885787e-01  8.75023744e+00 -4.87444034e-01 ... -7.86109295e-01\n",
      "  -2.76591378e-01 -1.03383512e-01]\n",
      " [ 3.82265714e-01 -4.87444034e-01  9.48411839e+00 ... -4.87535359e-02\n",
      "  -5.70210100e-01 -9.51959891e-02]\n",
      " ...\n",
      " [-1.06039981e+00 -7.86109295e-01 -4.87535359e-02 ...  5.64157932e+00\n",
      "  -6.32636812e-02 -1.02460966e-02]\n",
      " [ 1.62822386e-01 -2.76591378e-01 -5.70210100e-01 ... -6.32636812e-02\n",
      "   1.02227807e+01  3.04543012e-02]\n",
      " [-4.28194734e-03 -1.03383512e-01 -9.51959891e-02 ... -1.02460966e-02\n",
      "   3.04543012e-02  6.58279333e+00]]\n",
      "[[ 4.33329437e+00 -2.94998570e-01  3.90115796e-01 ... -1.07282625e+00\n",
      "   1.65898024e-01 -3.43407753e-03]\n",
      " [-2.94998570e-01  8.87378300e+00 -4.96988774e-01 ... -7.96246215e-01\n",
      "  -2.82222002e-01 -1.04891643e-01]\n",
      " [ 3.90115796e-01 -4.96988774e-01  9.62714011e+00 ... -4.83220750e-02\n",
      "  -5.82612642e-01 -9.47091383e-02]\n",
      " ...\n",
      " [-1.07282625e+00 -7.96246215e-01 -4.83220750e-02 ...  5.67322569e+00\n",
      "  -6.52525920e-02 -1.08995694e-02]\n",
      " [ 1.65898024e-01 -2.82222002e-01 -5.82612642e-01 ... -6.52525920e-02\n",
      "   1.03927320e+01  3.20360806e-02]\n",
      " [-3.43407753e-03 -1.04891643e-01 -9.47091383e-02 ... -1.08995694e-02\n",
      "   3.20360806e-02  6.64738334e+00]]\n",
      "[[ 4.34260408e+00 -2.94244614e-01  3.97106909e-01 ... -1.08370451e+00\n",
      "   1.68665166e-01 -2.67363625e-03]\n",
      " [-2.94244614e-01  8.98353564e+00 -5.05445341e-01 ... -8.05134541e-01\n",
      "  -2.87304985e-01 -1.06247928e-01]\n",
      " [ 3.97106909e-01 -5.05445341e-01  9.75415778e+00 ... -4.80624460e-02\n",
      "  -5.93680681e-01 -9.42652106e-02]\n",
      " ...\n",
      " [-1.08370451e+00 -8.05134541e-01 -4.80624460e-02 ...  5.70081009e+00\n",
      "  -6.71087337e-02 -1.14533359e-02]\n",
      " [ 1.68665166e-01 -2.87304985e-01 -5.93680681e-01 ... -6.71087337e-02\n",
      "   1.05438898e+01  3.34675524e-02]\n",
      " [-2.67363625e-03 -1.06247928e-01 -9.42652106e-02 ... -1.14533359e-02\n",
      "   3.34675524e-02  6.70437722e+00]]\n",
      "[[ 4.35078786e+00 -2.93634499e-01  4.03336012e-01 ... -1.09324535e+00\n",
      "   1.71162701e-01 -1.99750984e-03]\n",
      " [-2.93634499e-01  9.08087012e+00 -5.12917315e-01 ... -8.12928138e-01\n",
      "  -2.91880517e-01 -1.07468177e-01]\n",
      " [ 4.03336012e-01 -5.12917315e-01  9.86671228e+00 ... -4.79547858e-02\n",
      "  -6.03520567e-01 -9.38727289e-02]\n",
      " ...\n",
      " [-1.09324535e+00 -8.12928138e-01 -4.79547858e-02 ...  5.72498271e+00\n",
      "  -6.88330647e-02 -1.19194779e-02]\n",
      " [ 1.71162701e-01 -2.91880517e-01 -6.03520567e-01 ... -6.88330647e-02\n",
      "   1.06779697e+01  3.47590147e-02]\n",
      " [-1.99750984e-03 -1.07468177e-01 -9.38727289e-02 ... -1.19194779e-02\n",
      "   3.47590147e-02  6.75467524e+00]]\n",
      "[[ 4.35808270e+00 -2.93170740e-01  4.08888314e-01 ... -1.10162720e+00\n",
      "   1.73423554e-01 -1.40148057e-03]\n",
      " [-2.93170740e-01  9.16703312e+00 -5.19500637e-01 ... -8.19760548e-01\n",
      "  -2.95987724e-01 -1.08566479e-01]\n",
      " [ 4.08888314e-01 -5.19500637e-01  9.96621568e+00 ... -4.79801693e-02\n",
      "  -6.12235274e-01 -9.35361499e-02]\n",
      " ...\n",
      " [-1.10162720e+00 -8.19760548e-01 -4.79801693e-02 ...  5.74627084e+00\n",
      "  -7.04287771e-02 -1.23088462e-02]\n",
      " [ 1.73423554e-01 -2.95987724e-01 -6.12235274e-01 ... -7.04287771e-02\n",
      "   1.07965668e+01  3.59207714e-02]\n",
      " [-1.40148057e-03 -1.08566479e-01 -9.35361499e-02 ... -1.23088462e-02\n",
      "   3.59207714e-02  6.79905979e+00]]\n",
      "[[ 4.36466886e+00 -2.92850292e-01  4.13838777e-01 ... -1.10900172e+00\n",
      "   1.75475699e-01 -8.80641786e-04]\n",
      " [-2.92850292e-01  9.24315605e+00 -5.25283746e-01 ... -8.25747908e-01\n",
      "  -2.99664358e-01 -1.09555428e-01]\n",
      " [ 4.13838777e-01 -5.25283746e-01  1.00539610e+01 ... -4.81210084e-02\n",
      "  -6.19923364e-01 -9.32570045e-02]\n",
      " ...\n",
      " [-1.10900172e+00 -8.25747908e-01 -4.81210084e-02 ...  5.76510517e+00\n",
      "  -7.19006782e-02 -1.26310716e-02]\n",
      " [ 1.75475699e-01 -2.99664358e-01 -6.19923364e-01 ... -7.19006782e-02\n",
      "   1.09011598e+01  3.69629108e-02]\n",
      " [-8.80641786e-04 -1.09555428e-01 -9.32570045e-02 ... -1.26310716e-02\n",
      "   3.69629108e-02  6.83821433e+00]]\n",
      "[[ 4.37068403e+00 -2.92666405e-01  4.18253442e-01 ... -1.11549823e+00\n",
      "   1.77343006e-01 -4.29710454e-04]\n",
      " [-2.92666405e-01  9.31026577e+00 -5.30347823e-01 ... -8.30991439e-01\n",
      "  -3.02946546e-01 -1.10446309e-01]\n",
      " [ 4.18253442e-01 -5.30347823e-01  1.01311306e+01 ... -4.83612357e-02\n",
      "  -6.26678264e-01 -9.30347563e-02]\n",
      " ...\n",
      " [-1.11549823e+00 -8.30991439e-01 -4.83612357e-02 ...  5.78184002e+00\n",
      "  -7.32546873e-02 -1.28946356e-02]\n",
      " [ 1.77343006e-01 -3.02946546e-01 -6.26678264e-01 ... -7.32546873e-02\n",
      "   1.09931151e+01  3.78951584e-02]\n",
      " [-4.29710454e-04 -1.10446309e-01 -9.30347563e-02 ... -1.28946356e-02\n",
      "   3.78951584e-02  6.87273839e+00]]\n"
     ]
    },
    {
     "name": "stdout",
     "output_type": "stream",
     "text": [
      "[[ 4.37623393e+00 -2.92609987e-01  4.22190602e-01 ... -1.12122749e+00\n",
      "   1.79045945e-01 -4.32577558e-05]\n",
      " [-2.92609987e-01  9.36929373e+00 -5.34767116e-01 ... -8.35579553e-01\n",
      "  -3.05868594e-01 -1.11249247e-01]\n",
      " [ 4.22190602e-01 -5.34767116e-01  1.01988038e+01 ... -4.86863513e-02\n",
      "  -6.32587803e-01 -9.28674444e-02]\n",
      " ...\n",
      " [-1.12122749e+00 -8.35579553e-01 -4.86863513e-02 ...  5.79676887e+00\n",
      "  -7.44974347e-02 -1.31069700e-02]\n",
      " [ 1.79045945e-01 -3.05868594e-01 -6.32587803e-01 ... -7.44974347e-02\n",
      "   1.10736911e+01  3.87267816e-02]\n",
      " [-4.32577558e-05 -1.11249247e-01 -9.28674444e-02 ... -1.31069700e-02\n",
      "   3.87267816e-02  6.90315967e+00]]\n",
      "[[ 4.38140013e+00 -2.92670603e-01  4.25701797e-01 ... -1.12628464e+00\n",
      "   1.80602158e-01  2.84124290e-04]\n",
      " [-2.92670603e-01  9.42108410e+00 -5.38609307e-01 ... -8.39589634e-01\n",
      "  -3.08462848e-01 -1.11973329e-01]\n",
      " [ 4.25701797e-01 -5.38609307e-01  1.02579642e+01 ... -4.90833890e-02\n",
      "  -6.37733960e-01 -9.27521629e-02]\n",
      " ...\n",
      " [-1.12628464e+00 -8.39589634e-01 -4.90833890e-02 ...  5.81013646e+00\n",
      "  -7.56359460e-02 -1.32745676e-02]\n",
      " [ 1.80602158e-01 -3.08462848e-01 -6.37733960e-01 ... -7.56359460e-02\n",
      "   1.11440429e+01  3.94665331e-02]\n",
      " [ 2.84124290e-04 -1.11973329e-01 -9.27521629e-02 ... -1.32745676e-02\n",
      "   3.94665331e-02  6.92994384e+00]]\n",
      "[[ 4.38624583e+00 -2.92837183e-01  4.28832686e-01 ... -1.13075179e+00\n",
      "   1.82026932e-01  5.57705543e-04]\n",
      " [-2.92837183e-01  9.46640104e+00 -5.41935916e-01 ... -8.43089550e-01\n",
      "  -3.10759611e-01 -1.12626715e-01]\n",
      " [ 4.28832686e-01 -5.41935916e-01  1.03095058e+01 ... -4.95408334e-02\n",
      "  -6.42192780e-01 -9.26854165e-02]\n",
      " ...\n",
      " [-1.13075179e+00 -8.43089550e-01 -4.95408334e-02 ...  5.82214811e+00\n",
      "  -7.66774000e-02 -1.34030933e-02]\n",
      " [ 1.82026932e-01 -3.10759611e-01 -6.42192780e-01 ... -7.66774000e-02\n",
      "   1.12052274e+01  4.01226205e-02]\n",
      " [ 5.57705542e-04 -1.12626715e-01 -9.26854165e-02 ... -1.34030933e-02\n",
      "   4.01226205e-02  6.95350272e+00]]\n",
      "[[ 4.39082029e+00 -2.93098539e-01  4.31623784e-01 ... -1.13469996e+00\n",
      "   1.83333586e-01  7.82537999e-04]\n",
      " [-2.93098539e-01  9.50593541e+00 -5.44802705e-01 ... -8.46138927e-01\n",
      "  -3.12787110e-01 -1.13216729e-01]\n",
      " [ 4.31623784e-01 -5.44802705e-01  1.03542400e+01 ... -5.00485131e-02\n",
      "  -6.46034429e-01 -9.26633828e-02]\n",
      " ...\n",
      " [-1.13469996e+00 -8.46138927e-01 -5.00485131e-02 ...  5.83297714e+00\n",
      "  -7.76289446e-02 -1.34974883e-02]\n",
      " [ 1.83333586e-01 -3.12787110e-01 -6.46034429e-01 ... -7.76289446e-02\n",
      "   1.12582088e+01  4.07026956e-02]\n",
      " [ 7.82537999e-04 -1.13216729e-01 -9.26633828e-02 ... -1.34974883e-02\n",
      "   4.07026956e-02  6.97420104e+00]]\n",
      "[[ 4.39516206e+00 -2.93443710e-01  4.34111103e-01 ... -1.13819085e+00\n",
      "   1.84533779e-01  9.63404362e-04]\n",
      " [-2.93443710e-01  9.54031091e+00 -5.47260103e-01 ... -8.48790241e-01\n",
      "  -3.14571500e-01 -1.13749944e-01]\n",
      " [ 4.34111103e-01 -5.47260103e-01  1.03929015e+01 ... -5.05974843e-02\n",
      "  -6.49323333e-01 -9.26821026e-02]\n",
      " ...\n",
      " [-1.13819085e+00 -8.48790241e-01 -5.05974843e-02 ...  5.84277063e+00\n",
      "  -7.84975630e-02 -1.35620657e-02]\n",
      " [ 1.84533779e-01 -3.14571500e-01 -6.49323333e-01 ... -7.84975630e-02\n",
      "   1.13038641e+01  4.12138577e-02]\n",
      " [ 9.63404362e-04 -1.13749944e-01 -9.26821026e-02 ... -1.35620657e-02\n",
      "   4.12138577e-02  6.99236223e+00]]\n",
      "[[ 4.39930151e+00 -2.93862205e-01  4.36326697e-01 ... -1.14127815e+00\n",
      "   1.85637773e-01  1.10478770e-03]\n",
      " [-2.93862205e-01  9.57008984e+00 -5.49353610e-01 ... -8.51089742e-01\n",
      "  -3.16136905e-01 -1.14232257e-01]\n",
      " [ 4.36326697e-01 -5.49353610e-01  1.04261541e+01 ... -5.11799117e-02\n",
      "  -6.52118409e-01 -9.27376172e-02]\n",
      " ...\n",
      " [-1.14127815e+00 -8.51089742e-01 -5.11799117e-02 ...  5.85165406e+00\n",
      "  -7.92899772e-02 -1.36005951e-02]\n",
      " [ 1.85637773e-01 -3.16136905e-01 -6.52118409e-01 ... -7.92899772e-02\n",
      "   1.13429887e+01  4.16626659e-02]\n",
      " [ 1.10478770e-03 -1.14232257e-01 -9.27376172e-02 ... -1.36005951e-02\n",
      "   4.16626659e-02  7.00827334e+00]]\n",
      "[[ 4.40326269e+00 -2.94344147e-01  4.38299138e-01 ... -1.14400880e+00\n",
      "   1.86654638e-01  1.21085663e-03]\n",
      " [-2.94344147e-01  9.59577844e+00 -5.51124202e-01 ... -8.53078248e-01\n",
      "  -3.17505484e-01 -1.14668954e-01]\n",
      " [ 4.38299138e-01 -5.51124202e-01  1.04545969e+01 ... -5.17889541e-02\n",
      "  -6.54473332e-01 -9.28260646e-02]\n",
      " ...\n",
      " [-1.14400880e+00 -8.53078248e-01 -5.17889541e-02 ...  5.85973500e+00\n",
      "  -8.00125837e-02 -1.36163765e-02]\n",
      " [ 1.86654638e-01 -3.17505484e-01 -6.54473332e-01 ... -8.00125837e-02\n",
      "   1.13763026e+01  4.20551595e-02]\n",
      " [ 1.21085663e-03 -1.14668954e-01 -9.28260646e-02 ... -1.36163765e-02\n",
      "   4.20551595e-02  7.02218929e+00]]\n",
      "[[ 4.40706481e+00 -2.94880366e-01  4.40053926e-01 ... -1.14642385e+00\n",
      "   1.87592431e-01  1.28546183e-03]\n",
      " [-2.94880366e-01  9.61783186e+00 -5.52608710e-01 ... -8.54791825e-01\n",
      "  -3.18697513e-01 -1.15064774e-01]\n",
      " [ 4.40053926e-01 -5.52608710e-01  1.04787691e+01 ... -5.24186569e-02\n",
      "  -6.56436843e-01 -9.29437451e-02]\n",
      " ...\n",
      " [-1.14642385e+00 -8.54791825e-01 -5.24186569e-02 ...  5.86710609e+00\n",
      "  -8.06714122e-02 -1.36123042e-02]\n",
      " [ 1.87592431e-01 -3.18697513e-01 -6.56436843e-01 ... -8.06714122e-02\n",
      "   1.14044558e+01  4.23968814e-02]\n",
      " [ 1.28546183e-03 -1.15064774e-01 -9.29437451e-02 ... -1.36123042e-02\n",
      "   4.23968814e-02  7.03433660e+00]]\n",
      "[[ 4.41072330e+00 -2.95462438e-01  4.41613837e-01 ... -1.14855935e+00\n",
      "   1.88458330e-01  1.33214052e-03]\n",
      " [-2.95462438e-01  9.63665882e+00 -5.53840187e-01 ... -8.56262375e-01\n",
      "  -3.19731483e-01 -1.15423962e-01]\n",
      " [ 4.41613837e-01 -5.53840187e-01  1.04991554e+01 ... -5.30638524e-02\n",
      "  -6.58053067e-01 -9.30871636e-02]\n",
      " ...\n",
      " [-1.14855935e+00 -8.56262375e-01 -5.30638524e-02 ...  5.87384744e+00\n",
      "  -8.12721035e-02 -1.35909223e-02]\n",
      " [ 1.88458330e-01 -3.19731483e-01 -6.58053067e-01 ... -8.12721035e-02\n",
      "   1.14280338e+01  4.26929055e-02]\n",
      " [ 1.33214052e-03 -1.15423962e-01 -9.30871636e-02 ... -1.35909223e-02\n",
      "   4.26929055e-02  7.04491658e+00]]\n",
      "[[ 4.41425071e+00 -2.96082697e-01  4.42999243e-01 ... -1.15044702e+00\n",
      "   1.89258762e-01  1.35412658e-03]\n",
      " [-2.96082697e-01  9.65262583e+00 -5.54848248e-01 ... -8.57518139e-01\n",
      "  -3.20624212e-01 -1.15750319e-01]\n",
      " [ 4.42999243e-01 -5.54848248e-01  1.05161910e+01 ... -5.37200692e-02\n",
      "  -6.59361850e-01 -9.32530554e-02]\n",
      " ...\n",
      " [-1.15044702e+00 -8.57518139e-01 -5.37200692e-02 ...  5.88002860e+00\n",
      "  -8.18199014e-02 -1.35544711e-02]\n",
      " [ 1.89258762e-01 -3.20624212e-01 -6.59361850e-01 ... -8.18199014e-02\n",
      "   1.14475633e+01  4.29478650e-02]\n",
      " [ 1.35412658e-03 -1.15750319e-01 -9.32530554e-02 ... -1.35544711e-02\n",
      "   4.29478650e-02  7.05410819e+00]]\n",
      "[[ 4.41765730e+00 -2.96734219e-01  4.44228370e-01 ... -1.15211478e+00\n",
      "   1.89999493e-01  1.35436440e-03]\n",
      " [-2.96734219e-01  9.66606124e+00 -5.55659390e-01 ... -8.58584140e-01\n",
      "  -3.21390946e-01 -1.16047248e-01]\n",
      " [ 4.44228370e-01 -5.55659390e-01  1.05302657e+01 ... -5.43834506e-02\n",
      "  -6.60399083e-01 -9.34383984e-02]\n",
      " ...\n",
      " [-1.15211478e+00 -8.58584140e-01 -5.43834506e-02 ...  5.88571019e+00\n",
      "  -8.23196543e-02 -1.35049273e-02]\n",
      " [ 1.89999493e-01 -3.21390946e-01 -6.60399083e-01 ... -8.23196543e-02\n",
      "   1.14635169e+01  4.31659817e-02]\n",
      " [ 1.35436440e-03 -1.16047248e-01 -9.34383984e-02 ... -1.35049273e-02\n",
      "   4.31659817e-02  7.06207056e+00]]\n",
      "[[ 4.42095160e+00 -2.97410794e-01  4.45317541e-01 ... -1.15358731e+00\n",
      "   1.90685715e-01  1.33552507e-03]\n",
      " [-2.97410794e-01  9.67725882e+00 -5.56297290e-01 ... -8.59482561e-01\n",
      "  -3.22045482e-01 -1.16317794e-01]\n",
      " [ 4.45317541e-01 -5.56297290e-01  1.05417285e+01 ... -5.50506805e-02\n",
      "  -6.61197024e-01 -9.36404168e-02]\n",
      " ...\n",
      " [-1.15358731e+00 -8.59482561e-01 -5.50506805e-02 ...  5.89094521e+00\n",
      "  -8.27758257e-02 -1.34440382e-02]\n",
      " [ 1.90685715e-01 -3.22045482e-01 -6.61197024e-01 ... -8.27758257e-02\n",
      "   1.14763179e+01  4.33510949e-02]\n",
      " [ 1.33552507e-03 -1.16317794e-01 -9.36404168e-02 ... -1.34440382e-02\n",
      "   4.33510949e-02  7.06894514e+00]]\n",
      "[[ 4.42414075e+00 -2.98106889e-01  4.46281382e-01 ... -1.15488640e+00\n",
      "   1.91322112e-01  1.30002386e-03]\n",
      " [-2.98106889e-01  9.68648116e+00 -5.56783076e-01 ... -8.60233080e-01\n",
      "  -3.22600272e-01 -1.16564681e-01]\n",
      " [ 4.46281382e-01 -5.56783076e-01  1.05508915e+01 ... -5.57189189e-02\n",
      "  -6.61784611e-01 -9.38565776e-02]\n",
      " ...\n",
      " [-1.15488640e+00 -8.60233080e-01 -5.57189189e-02 ...  5.89578015e+00\n",
      "  -8.31925088e-02 -1.33733505e-02]\n",
      " [ 1.91322112e-01 -3.22600272e-01 -6.61784611e-01 ... -8.31925088e-02\n",
      "   1.14863453e+01  4.35066895e-02]\n",
      " [ 1.30002386e-03 -1.16564681e-01 -9.38565776e-02 ... -1.33733505e-02\n",
      "   4.35066895e-02  7.07485770e+00]]\n"
     ]
    },
    {
     "name": "stdout",
     "output_type": "stream",
     "text": [
      "[[ 4.42723085e+00 -2.98817600e-01  4.47133003e-01 ... -1.15603136e+00\n",
      "   1.91912922e-01  1.25003832e-03]\n",
      " [-2.98817600e-01  9.69396273e+00 -5.57135582e-01 ... -8.60853158e-01\n",
      "  -3.23066533e-01 -1.16790344e-01]\n",
      " [ 4.47133003e-01 -5.57135582e-01  1.05580329e+01 ... -5.63857424e-02\n",
      "  -6.62187750e-01 -9.40845827e-02]\n",
      " ...\n",
      " [-1.15603136e+00 -8.60853158e-01 -5.63857424e-02 ...  5.90025589e+00\n",
      "  -8.35734448e-02 -1.32942351e-02]\n",
      " [ 1.91912922e-01 -3.23066533e-01 -6.62187750e-01 ... -8.35734448e-02\n",
      "   1.14939376e+01  4.36359242e-02]\n",
      " [ 1.25003832e-03 -1.16790344e-01 -9.40845827e-02 ... -1.32942351e-02\n",
      "   4.36359242e-02  7.07992007e+00]]\n",
      "[[ 4.43022714e+00 -2.99538606e-01  4.47884160e-01 ... -1.15703932e+00\n",
      "   1.92461985e-01  1.18752632e-03]\n",
      " [-2.99538606e-01  9.69991268e+00 -5.57371575e-01 ... -8.61358294e-01\n",
      "  -3.23454354e-01 -1.16996964e-01]\n",
      " [ 4.47884160e-01 -5.57371575e-01  1.05634012e+01 ... -5.70490934e-02\n",
      "  -6.62429595e-01 -9.43223582e-02]\n",
      " ...\n",
      " [-1.15703932e+00 -8.61358294e-01 -5.70490934e-02 ...  5.90440850e+00\n",
      "  -8.39220444e-02 -1.32079086e-02]\n",
      " [ 1.92461985e-01 -3.23454354e-01 -6.62429595e-01 ... -8.39220444e-02\n",
      "   1.14993967e+01  4.37416571e-02]\n",
      " [ 1.18752632e-03 -1.16996964e-01 -9.43223582e-02 ... -1.32079086e-02\n",
      "   4.37416571e-02  7.08423161e+00]]\n",
      "[[ 4.43313419e+00 -3.00266116e-01  4.48545397e-01 ... -1.15792546e+00\n",
      "   1.92972786e-01  1.11424383e-03]\n",
      " [-3.00266116e-01  9.70451741e+00 -5.57505969e-01 ... -8.61762251e-01\n",
      "  -3.23772791e-01 -1.17186487e-01]\n",
      " [ 4.48545397e-01 -5.57505969e-01  1.05672175e+01 ... -5.77072341e-02\n",
      "  -6.62530807e-01 -9.45680411e-02]\n",
      " ...\n",
      " [-1.15792546e+00 -8.61762251e-01 -5.77072341e-02 ...  5.90826988e+00\n",
      "  -8.42414089e-02 -1.31154510e-02]\n",
      " [ 1.92972786e-01 -3.23772791e-01 -6.62530807e-01 ... -8.42414089e-02\n",
      "   1.15029915e+01  4.38264710e-02]\n",
      " [ 1.11424383e-03 -1.17186487e-01 -9.45680411e-02 ... -1.31154510e-02\n",
      "   4.38264710e-02  7.08788064e+00]]\n",
      "[[ 4.43595607e+00 -3.00996829e-01  4.49126174e-01 ... -1.15870326e+00\n",
      "   1.93448494e-01  1.03176193e-03]\n",
      " [-3.00996829e-01  9.70794287e+00 -5.57552012e-01 ... -8.62077248e-01\n",
      "  -3.24029960e-01 -1.17360655e-01]\n",
      " [ 4.49126174e-01 -5.57552012e-01  1.05696784e+01 ... -5.83587057e-02\n",
      "  -6.62509792e-01 -9.48199652e-02]\n",
      " ...\n",
      " [-1.15870326e+00 -8.62077248e-01 -5.83587057e-02 ...  5.91186829e+00\n",
      "  -8.45343529e-02 -1.30178221e-02]\n",
      " [ 1.93448494e-01 -3.24029960e-01 -6.62509792e-01 ... -8.45343529e-02\n",
      "   1.15049615e+01  4.38926965e-02]\n",
      " [ 1.03176193e-03 -1.17360655e-01 -9.48199652e-02 ... -1.30178221e-02\n",
      "   4.38926965e-02  7.09094565e+00]]\n",
      "[[ 4.43869642e+00 -3.01727880e-01  4.49634978e-01 ... -1.15938473e+00\n",
      "   1.93891990e-01  9.41483074e-04]\n",
      " [-3.01727880e-01  9.71033668e+00 -5.57521460e-01 ... -8.62314135e-01\n",
      "  -3.24233127e-01 -1.17521025e-01]\n",
      " [ 4.49634978e-01 -5.57521460e-01  1.05709589e+01 ... -5.90022933e-02\n",
      "  -6.62382924e-01 -9.50766469e-02]\n",
      " ...\n",
      " [-1.15938473e+00 -8.62314135e-01 -5.90022933e-02 ...  5.91522883e+00\n",
      "  -8.48034259e-02 -1.29158745e-02]\n",
      " [ 1.93891990e-01 -3.24233127e-01 -6.62382924e-01 ... -8.48034259e-02\n",
      "   1.15055193e+01  4.39424346e-02]\n",
      " [ 9.41483074e-04 -1.17521025e-01 -9.50766469e-02 ... -1.29158745e-02\n",
      "   4.39424346e-02  7.09349632e+00]]\n",
      "[[ 4.44135854e+00 -3.02456799e-01  4.50079425e-01 ... -1.15998053e+00\n",
      "   1.94305901e-01  8.44656415e-04]\n",
      " [-3.02456799e-01  9.71183006e+00 -5.57424738e-01 ... -8.62482547e-01\n",
      "  -3.24388788e-01 -1.17668986e-01]\n",
      " [ 4.50079425e-01 -5.57424738e-01  1.05712142e+01 ... -5.96369940e-02\n",
      "  -6.62164748e-01 -9.53367701e-02]\n",
      " ...\n",
      " [-1.15998053e+00 -8.62482547e-01 -5.96369940e-02 ...  5.91837381e+00\n",
      "  -8.50509343e-02 -1.28103657e-02]\n",
      " [ 1.94305901e-01 -3.24388788e-01 -6.62164748e-01 ... -8.50509343e-02\n",
      "   1.15048538e+01  4.39775764e-02]\n",
      " [ 8.44656415e-04 -1.17668986e-01 -9.53367701e-02 ... -1.28103657e-02\n",
      "   4.39775764e-02  7.09559455e+00]]\n",
      "[[ 4.44394546e+00 -3.03181469e-01  4.50466348e-01 ... -1.16050016e+00\n",
      "   1.94692619e-01  7.42392103e-04]\n",
      " [-3.03181469e-01  9.71253950e+00 -5.57271074e-01 ... -8.62591037e-01\n",
      "  -3.24502741e-01 -1.17805783e-01]\n",
      " [ 4.50466348e-01 -5.57271074e-01  1.05705819e+01 ... -6.02619897e-02\n",
      "  -6.61868166e-01 -9.55991724e-02]\n",
      " ...\n",
      " [-1.16050016e+00 -8.62591037e-01 -6.02619897e-02 ...  5.92132316e+00\n",
      "  -8.52789611e-02 -1.27019685e-02]\n",
      " [ 1.94692619e-01 -3.24502741e-01 -6.61868166e-01 ... -8.52789611e-02\n",
      "   1.15031323e+01  4.39998226e-02]\n",
      " [ 7.42392103e-04 -1.17805783e-01 -9.55991724e-02 ... -1.27019685e-02\n",
      "   4.39998226e-02  7.09729530e+00]]\n",
      "[[ 4.44645999e+00 -3.03900088e-01  4.50801878e-01 ... -1.16095207e+00\n",
      "   1.95054328e-01  6.35674599e-04]\n",
      " [-3.03900088e-01  9.71256838e+00 -5.57068634e-01 ... -8.62647198e-01\n",
      "  -3.24580156e-01 -1.17932526e-01]\n",
      " [ 4.50801878e-01 -5.57068634e-01  1.05691840e+01 ... -6.08766222e-02\n",
      "  -6.61504606e-01 -9.58628311e-02]\n",
      " ...\n",
      " [-1.16095207e+00 -8.62647198e-01 -6.08766222e-02 ...  5.92409463e+00\n",
      "  -8.54893863e-02 -1.25912801e-02]\n",
      " [ 1.95054328e-01 -3.24580156e-01 -6.61504606e-01 ... -8.54893863e-02\n",
      "   1.15005032e+01  4.40107007e-02]\n",
      " [ 6.35674599e-04 -1.17932526e-01 -9.58628311e-02 ... -1.25912801e-02\n",
      "   4.40107007e-02  7.09864730e+00]]\n",
      "[[ 4.44890476e+00 -3.04611133e-01  4.51091516e-01 ... -1.16134381e+00\n",
      "   1.95393021e-01  5.25374964e-04]\n",
      " [-3.04611133e-01  9.71200829e+00 -5.56824632e-01 ... -8.62657767e-01\n",
      "  -3.24625638e-01 -1.18050210e-01]\n",
      " [ 4.51091516e-01 -5.56824632e-01  1.05671284e+01 ... -6.14803724e-02\n",
      "  -6.61084174e-01 -9.61268502e-02]\n",
      " ...\n",
      " [-1.16134381e+00 -8.62657767e-01 -6.14803724e-02 ...  5.92670410e+00\n",
      "  -8.56839041e-02 -1.24788301e-02]\n",
      " [ 1.95393021e-01 -3.24625638e-01 -6.61084174e-01 ... -8.56839041e-02\n",
      "   1.14970974e+01  4.40115816e-02]\n",
      " [ 5.25374964e-04 -1.18050210e-01 -9.61268502e-02 ... -1.24788301e-02\n",
      "   4.40115816e-02  7.09969382e+00]]\n",
      "[[ 4.45128221e+00 -3.05313330e-01  4.51340197e-01 ... -1.16168208e+00\n",
      "   1.95710517e-01  4.12262172e-04]\n",
      " [-3.05313330e-01  9.71094038e+00 -5.56545435e-01 ... -8.62628719e-01\n",
      "  -3.24643285e-01 -1.18159720e-01]\n",
      " [ 4.51340197e-01 -5.56545435e-01  1.05645106e+01 ... -6.20728412e-02\n",
      "  -6.60615800e-01 -9.63904480e-02]\n",
      " ...\n",
      " [-1.16168208e+00 -8.62628719e-01 -6.20728412e-02 ...  5.92916581e+00\n",
      "  -8.58640409e-02 -1.23650875e-02]\n",
      " [ 1.95710517e-01 -3.24643285e-01 -6.60615800e-01 ... -8.58640409e-02\n",
      "   1.14930309e+01  4.40036938e-02]\n",
      " [ 4.12262172e-04 -1.18159720e-01 -9.63904480e-02 ... -1.23650875e-02\n",
      "   4.40036938e-02  7.10047319e+00]]\n",
      "[[ 4.45359469e+00 -3.06005621e-01  4.51552346e-01 ... -1.16197287e+00\n",
      "   1.96008480e-01  2.97013459e-04]\n",
      " [-3.06005621e-01  9.70943640e+00 -5.56236656e-01 ... -8.62565352e-01\n",
      "  -3.24636738e-01 -1.18261851e-01]\n",
      " [ 4.51552346e-01 -5.56236656e-01  1.05614147e+01 ... -6.26537330e-02\n",
      "  -6.60107356e-01 -9.66529463e-02]\n",
      " ...\n",
      " [-1.16197287e+00 -8.62565352e-01 -6.26537330e-02 ...  5.93149250e+00\n",
      "  -8.60311704e-02 -1.22504673e-02]\n",
      " [ 1.96008480e-01 -3.24636738e-01 -6.60107356e-01 ... -8.60311704e-02\n",
      "   1.14884058e+01  4.39881377e-02]\n",
      " [ 2.97013459e-04 -1.18261851e-01 -9.66529463e-02 ... -1.22504673e-02\n",
      "   4.39881377e-02  7.10101939e+00]]\n",
